Note: All positions are measured in the same coordinate 
  frame as the obtained critical curves (i.e., with 
  respect to input image mesh, centred at (0,0) arcsec.
  Galaxy light centre is at (-1.430785e-03 -1.582414e-03) arcsec.
  Tangential critical centre is (-5.606014e-03 -1.557834e-03) arcsec.
  Time-delay (TDE7) is w.r.t central image (in 1E7 sec).
************************************************
xs ys Nimg ximg_1 yimg_1 mag_1 TDE7_1 ... (Nimg) 
-2.41847e-02 1.67682e-02 5 -2.80095e-03 -3.00001e-03 5.05543e-02 0.00000e+00 1.00693e+00 6.62265e-01 -1.30566e+01 -6.32953e-01 -4.74427e-01 1.13509e+00 1.09840e+01 -6.70762e-01 -9.62982e-01 -6.40835e-01 -9.66368e+00 -5.68245e-01 1.00158e+00 -7.32350e-01 1.35593e+01 -6.65860e-01 
-8.81806e-03 4.86128e-02 5 -5.62832e-03 -9.71863e-03 5.08179e-02 0.00000e+00 1.24434e+00 9.41688e-02 6.75406e+01 -6.70323e-01 1.19954e+00 3.26121e-01 -4.63560e+01 -6.70147e-01 -1.78337e-01 1.23502e+00 1.49961e+01 -7.06710e-01 -8.57877e-01 -7.24823e-01 -6.90425e+00 -5.29892e-01 
-1.88992e-03 4.32026e-02 5 -7.34916e-03 -8.35762e-03 5.07393e-02 0.00000e+00 1.12498e+00 5.25450e-01 -1.99839e+01 -6.76207e-01 -6.09181e-02 1.23833e+00 1.77358e+01 -6.98494e-01 -8.96545e-01 -6.75700e-01 -7.10863e+00 -5.27346e-01 1.24364e+00 -1.79763e-01 3.32621e+01 -6.79979e-01 
6.89820e-03 5.30208e-02 5 -9.16120e-03 -1.03493e-02 5.08894e-02 0.00000e+00 1.23857e+00 2.34867e-01 8.17751e+01 -6.92389e-01 1.20634e+00 3.56189e-01 -8.10486e+01 -6.92362e-01 9.03486e-02 1.24353e+00 1.52778e+01 -7.12069e-01 -8.77208e-01 -6.79820e-01 -6.41323e+00 -5.11950e-01 
5.55386e-05 -8.99105e-04 5 -8.78479e-03 1.45660e-03 5.04516e-02 0.00000e+00 5.42529e-01 1.06623e+00 -2.62876e+01 -6.38108e-01 -2.53580e-02 1.19840e+00 4.63782e+01 -6.40170e-01 -1.07250e+00 -4.15823e-01 -8.39528e+00 -5.51661e-01 1.02706e+00 -7.43602e-01 1.02276e+01 -7.06759e-01 
-8.65947e-02 -4.01261e-02 5 1.02984e-02 8.16447e-03 5.07102e-02 0.00000e+00 8.97868e-01 6.76389e-01 -6.88341e+00 -5.27944e-01 -1.18480e+00 4.17813e-01 2.19741e+01 -6.79370e-01 -1.18791e+00 -3.72997e-01 -2.91174e+01 -6.74693e-01 3.33599e-03 -1.23559e+00 1.55789e+01 -6.96808e-01 
-1.11112e-01 -4.70522e-02 5 1.58165e-02 9.13631e-03 5.09785e-02 0.00000e+00 9.16847e-01 6.14661e-01 -5.46591e+00 -4.99479e-01 -1.27842e+00 5.70638e-02 3.17290e+01 -7.11045e-01 -1.16758e+00 -4.91990e-01 -8.95594e+01 -7.09673e-01 -5.52926e-01 -1.11952e+00 2.71266e+01 -7.13199e-01 
-3.57774e-02 -2.08116e-02 5 -9.84077e-04 5.05211e-03 5.04247e-02 0.00000e+00 7.89824e-01 8.57673e-01 -1.19651e+01 -5.90485e-01 -8.06716e-01 9.10906e-01 1.82312e+01 -6.36228e-01 -1.12999e+00 -3.77692e-01 -1.22655e+01 -6.02801e-01 6.98259e-01 -1.03601e+00 1.21545e+01 -6.91808e-01 
-4.46367e-02 1.20604e-03 5 1.55920e-03 -2.23079e-05 5.05369e-02 0.00000e+00 9.81480e-01 6.56580e-01 -1.00639e+01 -5.99913e-01 -7.38424e-01 9.89835e-01 1.22703e+01 -6.66208e-01 -9.91275e-01 -6.43745e-01 -1.26549e+01 -6.00685e-01 7.48264e-01 -9.76272e-01 1.43373e+01 -6.60812e-01 
-8.46230e-02 3.44187e-02 5 1.15814e-02 -8.31617e-03 5.10182e-02 0.00000e+00 1.15475e+00 2.07569e-01 -1.34538e+01 -5.69434e-01 -8.64648e-01 9.51225e-01 8.54760e+00 -7.36258e-01 -1.24737e-01 -1.15869e+00 -7.74409e+01 -5.99856e-01 6.98542e-02 -1.16763e+00 8.19380e+01 -5.99940e-01 
-4.49191e-02 -2.19973e-02 5 1.09396e-03 5.10593e-03 5.04547e-02 0.00000e+00 8.38072e-01 8.03107e-01 -1.11407e+01 -5.81369e-01 -9.08492e-01 8.21679e-01 1.47066e+01 -6.43637e-01 -1.12830e+00 -4.07042e-01 -1.37692e+01 -6.14468e-01 5.93313e-01 -1.09310e+00 1.31403e+01 -6.86787e-01 
-9.49447e-02 -4.73803e-02 5 1.20659e-02 9.58068e-03 5.08175e-02 0.00000e+00 8.87985e-01 6.72216e-01 -6.40360e+00 -5.14695e-01 -1.26206e+00 7.27919e-02 5.49865e+01 -6.88488e-01 -1.23947e+00 -2.19622e-01 -4.37995e+01 -6.88148e-01 -1.44995e-01 -1.23203e+00 1.96903e+01 -7.07237e-01 
-1.82505e-02 -6.09912e-02 5 -5.93108e-03 1.43435e-02 5.04301e-02 0.00000e+00 4.04558e-01 1.06311e+00 -1.23409e+01 -5.59779e-01 -1.02732e+00 5.95489e-01 2.09254e+01 -5.85861e-01 -1.15670e+00 2.75522e-01 -2.47877e+01 -5.84874e-01 6.61854e-01 -1.10433e+00 8.82557e+00 -7.51715e-01 
3.97754e-02 6.41250e-02 5 -1.65181e-02 -1.21032e-02 5.11499e-02 0.00000e+00 1.22443e+00 4.04902e-01 9.48363e+01 -7.40637e-01 1.15808e+00 5.57124e-01 -1.13746e+02 -7.40599e-01 8.67247e-01 9.31084e-01 8.29892e+01 -7.41215e-01 -8.92471e-01 -6.07355e-01 -5.32222e+00 -4.73243e-01 
-1.22175e-02 -4.24979e-03 5 -6.03407e-03 1.92240e-03 5.04264e-02 0.00000e+00 7.11540e-01 9.53925e-01 -1.79829e+01 -6.25900e-01 -4.13221e-01 1.13424e+00 1.55030e+01 -6.39340e-01 -1.07765e+00 -4.35084e-01 -9.37341e+00 -5.67360e-01 9.50050e-01 -8.26517e-01 9.60513e+00 -6.96371e-01 
-7.28473e-02 1.56685e-02 5 8.40935e-03 -3.87543e-03 5.07655e-02 0.00000e+00 1.08841e+00 4.35261e-01 -8.54852e+00 -5.76834e-01 -8.78250e-01 9.12017e-01 9.99895e+00 -7.06076e-01 -7.28363e-01 -9.33356e-01 -1.77568e+01 -6.15210e-01 3.72628e-01 -1.13806e+00 2.38769e+01 -6.26426e-01 
-5.56761e-02 2.89305e-02 5 4.74600e-03 -6.41706e-03 5.07485e-02 0.00000e+00 1.12978e+00 3.84917e-01 -1.17660e+01 -6.03301e-01 -6.96511e-01 1.04963e+00 9.01107e+00 -7.05546e-01 -7.71187e-01 -8.73168e-01 -1.07101e+01 -5.88287e-01 8.52501e-01 -8.56248e-01 1.70421e+01 -6.23876e-01 
-9.85560e-02 -3.19186e-02 5 1.32573e-02 6.06938e-03 5.08334e-02 0.00000e+00 9.49583e-01 5.98805e-01 -5.93745e+00 -5.21689e-01 -1.17587e+00 4.77259e-01 1.37347e+01 -6.98684e-01 -9.63741e-01 -7.81251e-01 -3.64187e+01 -6.83945e-01 -3.33631e-01 -1.18101e+00 3.91409e+01 -6.87804e-01 
-2.50365e-02 -4.18903e-02 5 -3.93557e-03 9.96156e-03 5.03957e-02 0.00000e+00 5.71012e-01 1.00128e+00 -1.14331e+01 -5.77269e-01 -9.03662e-01 7.88608e-01 2.16256e+01 -6.07041e-01 -1.18988e+00 -9.42233e-02 -1.44837e+01 -5.94920e-01 6.87569e-01 -1.06800e+00 1.00686e+01 -7.24030e-01 
-5.54826e-02 -7.06473e-03 5 3.87098e-03 1.55953e-03 5.05472e-02 0.00000e+00 9.68834e-01 6.52305e-01 -8.92964e+00 -5.82665e-01 -8.86665e-01 8.67727e-01 1.27825e+01 -6.67452e-01 -1.00842e+00 -6.42041e-01 -1.49891e+01 -6.18191e-01 5.44978e-01 -1.09872e+00 1.63976e+01 -6.62517e-01 
-2.54127e-02 4.65313e-02 5 -1.84149e-03 -9.63226e-03 5.08192e-02 0.00000e+00 1.21273e+00 2.05902e-01 -7.77864e+01 -6.47735e-01 -3.91037e-01 1.19155e+00 9.83797e+00 -7.09085e-01 -8.17461e-01 -7.86755e-01 -7.37470e+00 -5.46479e-01 1.22052e+00 -1.82691e-01 9.58248e+01 -6.47913e-01 
-5.77548e-02 -1.00843e-02 5 4.32581e-03 2.17562e-03 5.05453e-02 0.00000e+00 9.59939e-01 6.58783e-01 -8.79446e+00 -5.78151e-01 -9.21438e-01 8.31604e-01 1.20176e+01 -6.66901e-01 -1.02231e+00 -6.27202e-01 -1.55936e+01 -6.22754e-01 4.92207e-01 -1.12386e+00 1.57113e+01 -6.64869e-01 
1.77823e-02 4.69223e-02 5 -1.18089e-02 -8.75288e-03 5.08493e-02 0.00000e+00 1.05486e+00 6.78063e-01 -3.10187e+01 -7.02149e-01 3.11847e-01 1.20208e+00 2.38510e+01 -7.06246e-01 -9.19106e-01 -6.16277e-01 -6.38038e+00 -5.05650e-01 1.27432e+00 -1.40201e-02 2.56647e+01 -7.06684e-01 
-9.13801e-02 -2.34523e-02 5 1.17920e-02 4.35924e-03 5.07783e-02 0.00000e+00 9.69042e-01 5.87609e-01 -6.24852e+00 -5.34394e-01 -1.11858e+00 5.90024e-01 9.42081e+00 -6.94545e-01 -9.24132e-01 -8.09938e-01 -2.38677e+01 -6.69176e-01 -1.25199e-01 -1.21206e+00 2.87390e+01 -6.74883e-01 
-4.47589e-02 -9.95919e-03 5 1.33191e-03 2.44553e-03 5.04853e-02 0.00000e+00 9.15453e-01 7.30633e-01 -1.11487e+01 -5.91347e-01 -8.13928e-01 9.21831e-01 1.48647e+01 -6.54684e-01 -1.06098e+00 -5.40241e-01 -1.30253e+01 -6.07919e-01 6.69183e-01 -1.03936e+00 1.43532e+01 -6.72832e-01 
-2.88874e-02 2.85970e-02 5 -1.44731e-03 -5.72859e-03 5.06499e-02 0.00000e+00 1.09373e+00 5.23219e-01 -1.24355e+01 -6.35337e-01 -4.79537e-01 1.14556e+00 9.89122e+00 -6.87906e-01 -8.88445e-01 -7.31302e-01 -8.75593e+00 -5.64291e-01 1.06531e+00 -6.21402e-01 1.92462e+01 -6.52043e-01 
-7.25415e-02 4.22221e-03 5 8.07156e-03 -1.33172e-03 5.06967e-02 0.00000e+00 1.04586e+00 5.13415e-01 -7.59195e+00 -5.71227e-01 -9.33129e-01 8.47035e-01 1.00080e+01 -6.94823e-01 -8.24914e-01 -8.63903e-01 -1.37182e+01 -6.26000e-01 3.15995e-01 -1.16376e+00 1.83839e+01 -6.40731e-01 
-8.70267e-02 -1.83441e-03 5 1.12870e-02 -3.29180e-04 5.08096e-02 0.00000e+00 1.03768e+00 4.97365e-01 -6.78157e+00 -5.51761e-01 -1.02519e+00 7.48420e-01 8.15068e+00 -7.05130e-01 -7.18990e-01 -9.66931e-01 -3.46489e+01 -6.44363e-01 -3.63445e-02 -1.19934e+00 3.40716e+01 -6.46225e-01 
4.13372e-03 2.82537e-02 5 -9.07272e-03 -4.90852e-03 5.06329e-02 0.00000e+00 9.03023e-01 8.30584e-01 -3.43300e+01 -6.72145e-01 7.20371e-02 1.22192e+00 2.14335e+01 -6.78618e-01 -9.68091e-01 -5.80604e-01 -7.46095e+00 -5.31457e-01 1.19196e+00 -4.21492e-01 1.27734e+01 -6.93123e-01 
-7.50219e-02 1.70621e-03 5 8.58782e-03 -8.32661e-04 5.07090e-02 0.00000e+00 1.03911e+00 5.19296e-01 -7.37323e+00 -5.67081e-01 -9.58318e-01 8.19715e-01 9.54401e+00 -6.95140e-01 -8.25727e-01 -8.67786e-01 -1.43937e+01 -6.30619e-01 2.59174e-01 -1.17775e+00 1.77486e+01 -6.43178e-01 
