1410
-3.124544e-01 2.365192e-02 6.447849e-01 -9.852882e-03
-3.124544e-01 2.614160e-02 6.447361e-01 -1.408113e-02
-3.124544e-01 2.863127e-02 6.445863e-01 -1.832237e-02
-3.124544e-01 3.112095e-02 6.444366e-01 -2.256309e-02
-3.124544e-01 3.361063e-02 6.442871e-01 -2.680350e-02
-3.124544e-01 3.610031e-02 6.440982e-01 -3.104605e-02
-3.124544e-01 3.858998e-02 6.437964e-01 -3.529475e-02
-3.124544e-01 4.107966e-02 6.434947e-01 -3.954344e-02
-3.124544e-01 4.356933e-02 6.431931e-01 -4.379214e-02
-3.124544e-01 4.605901e-02 6.428623e-01 -4.804041e-02
-3.124544e-01 4.854869e-02 6.424073e-01 -5.228687e-02
-3.124544e-01 5.103837e-02 6.419523e-01 -5.653391e-02
-3.124544e-01 5.352804e-02 6.414974e-01 -6.078120e-02
-3.124544e-01 5.601772e-02 6.410240e-01 -6.502676e-02
-3.124544e-01 5.850739e-02 6.404152e-01 -6.925979e-02
-3.124544e-01 6.099707e-02 6.398065e-01 -7.349283e-02
-3.124544e-01 6.348675e-02 6.391977e-01 -7.772586e-02
-3.124544e-01 6.597643e-02 6.385812e-01 -8.195758e-02
-3.124544e-01 6.846610e-02 6.378191e-01 -8.616484e-02
-3.124544e-01 7.095578e-02 6.370572e-01 -9.037145e-02
-3.099647e-01 2.116225e-02 6.448773e-01 -5.640144e-03
-3.099647e-01 6.224184e-03 6.443768e-01 1.980217e-02
-3.099647e-01 8.713861e-03 6.445191e-01 1.557421e-02
-3.099647e-01 1.120354e-02 6.446615e-01 1.134582e-02
-3.099647e-01 1.369321e-02 6.448041e-01 7.117064e-03
-3.099647e-01 1.618289e-02 6.448880e-01 2.876572e-03
-3.099647e-01 1.867257e-02 6.448827e-01 -1.381787e-03
-3.099647e-01 2.365192e-02 6.448720e-01 -9.898502e-03
-3.099647e-01 2.614160e-02 6.448172e-01 -1.416337e-02
-3.099647e-01 2.863127e-02 6.446612e-01 -1.844164e-02
-3.099647e-01 3.112095e-02 6.445054e-01 -2.271941e-02
-3.099647e-01 3.361063e-02 6.443496e-01 -2.699688e-02
-3.099647e-01 3.610031e-02 6.441543e-01 -3.127661e-02
-3.099647e-01 3.858998e-02 6.438458e-01 -3.556280e-02
-3.099647e-01 4.107966e-02 6.435373e-01 -3.984899e-02
-3.099647e-01 4.356933e-02 6.432288e-01 -4.413518e-02
-3.099647e-01 4.605901e-02 6.428912e-01 -4.842098e-02
-3.099647e-01 4.854869e-02 6.424286e-01 -5.270515e-02
-3.099647e-01 5.103837e-02 6.419663e-01 -5.698987e-02
-3.099647e-01 5.352804e-02 6.415040e-01 -6.127482e-02
-3.099647e-01 5.601772e-02 6.410232e-01 -6.555805e-02
-3.099647e-01 5.850739e-02 6.404065e-01 -6.982875e-02
-3.099647e-01 6.099707e-02 6.397898e-01 -7.409945e-02
-3.099647e-01 6.348675e-02 6.391732e-01 -7.837015e-02
-3.099647e-01 6.597643e-02 6.385486e-01 -8.263952e-02
-3.099647e-01 6.846610e-02 6.377780e-01 -8.688419e-02
-3.099647e-01 7.095578e-02 6.370077e-01 -9.112825e-02
-3.099647e-01 7.344545e-02 6.362373e-01 -9.537213e-02
-3.099647e-01 7.593513e-02 6.354669e-01 -9.961600e-02
-3.099647e-01 7.842481e-02 6.345470e-01 -1.038214e-01
-3.099647e-01 8.091448e-02 6.336244e-01 -1.080261e-01
-3.099647e-01 8.340416e-02 6.327018e-01 -1.122308e-01
-3.099647e-01 8.589384e-02 6.317792e-01 -1.164355e-01
-3.099647e-01 8.838352e-02 6.307199e-01 -1.205930e-01
-3.074751e-01 3.734508e-03 6.441560e-01 2.423796e-02
-3.074751e-01 -6.224199e-03 6.429622e-01 4.110822e-02
-3.074751e-01 -3.734522e-03 6.433101e-01 3.690798e-02
-3.074751e-01 -1.244846e-03 6.435921e-01 3.268494e-02
-3.074751e-01 1.244831e-03 6.438740e-01 2.846129e-02
-3.074751e-01 6.224184e-03 6.443704e-01 1.999570e-02
-3.074751e-01 8.713861e-03 6.445070e-01 1.573166e-02
-3.074751e-01 1.120354e-02 6.446437e-01 1.146721e-02
-3.074751e-01 1.369321e-02 6.447806e-01 7.202407e-03
-3.074751e-01 1.618289e-02 6.448585e-01 2.925587e-03
-3.074751e-01 1.867257e-02 6.448469e-01 -1.369536e-03
-3.074751e-01 2.116225e-02 6.448352e-01 -5.664654e-03
-3.074751e-01 7.344545e-02 6.360350e-01 -9.618805e-02
-3.074751e-01 7.593513e-02 6.352559e-01 -1.004697e-01
-3.074751e-01 7.842481e-02 6.343268e-01 -1.047123e-01
-3.074751e-01 8.091448e-02 6.333950e-01 -1.089542e-01
-3.074751e-01 8.340416e-02 6.324632e-01 -1.131961e-01
-3.074751e-01 8.589384e-02 6.315314e-01 -1.174381e-01
-3.074751e-01 8.838352e-02 6.304626e-01 -1.216321e-01
-3.074751e-01 9.087319e-02 6.293809e-01 -1.258221e-01
-3.074751e-01 9.336287e-02 6.282992e-01 -1.300123e-01
-3.074751e-01 9.585255e-02 6.272176e-01 -1.342025e-01
-3.074751e-01 9.834222e-02 6.260125e-01 -1.383366e-01
-3.074751e-01 1.008319e-01 6.247846e-01 -1.424603e-01
-3.049854e-01 -8.713876e-03 6.424801e-01 4.567883e-02
-3.049854e-01 -1.867258e-02 6.406128e-01 6.243048e-02
-3.049854e-01 -1.618291e-02 6.411698e-01 5.828162e-02
-3.049854e-01 -1.369323e-02 6.416432e-01 5.409648e-02
-3.049854e-01 -1.120355e-02 6.420617e-01 4.988750e-02
-3.049854e-01 -6.224199e-03 6.428988e-01 4.147053e-02
-3.049854e-01 -3.734522e-03 6.432413e-01 3.723522e-02
-3.049854e-01 -1.244846e-03 6.435177e-01 3.297669e-02
-3.049854e-01 1.244831e-03 6.437939e-01 2.871755e-02
-3.049854e-01 3.734508e-03 6.440702e-01 2.445872e-02
-3.049854e-01 9.087319e-02 6.290187e-01 -1.269129e-01
-3.049854e-01 9.336287e-02 6.279274e-01 -1.311396e-01
-3.049854e-01 9.585255e-02 6.268361e-01 -1.353663e-01
-3.049854e-01 9.834222e-02 6.256211e-01 -1.395360e-01
-3.049854e-01 1.008319e-01 6.243832e-01 -1.436953e-01
-3.049854e-01 1.033216e-01 6.231454e-01 -1.478545e-01
-3.049854e-01 1.058113e-01 6.219075e-01 -1.520137e-01
-3.049854e-01 1.083009e-01 6.205599e-01 -1.561103e-01
-3.049854e-01 1.107906e-01 6.191806e-01 -1.601881e-01
-3.049854e-01 1.132803e-01 6.178014e-01 -1.642658e-01
-3.024957e-01 -2.116226e-02 6.400208e-01 6.714670e-02
-3.024957e-01 -2.614161e-02 6.388715e-01 7.548890e-02
-3.024957e-01 -2.365194e-02 6.394683e-01 7.132915e-02
-3.024957e-01 -1.867258e-02 6.405733e-01 6.296426e-02
-3.024957e-01 -1.618291e-02 6.411259e-01 5.878181e-02
-3.024957e-01 -1.369323e-02 6.415944e-01 5.456248e-02
-3.024957e-01 -1.120355e-02 6.420078e-01 5.031892e-02
-3.024957e-01 -8.713876e-03 6.424212e-01 4.607568e-02
-3.024957e-01 1.033216e-01 6.227334e-01 -1.491249e-01
-3.024957e-01 1.058113e-01 6.214856e-01 -1.533196e-01
-3.024957e-01 1.083009e-01 6.201278e-01 -1.574507e-01
-3.024957e-01 1.107906e-01 6.187383e-01 -1.615626e-01
-3.024957e-01 1.132803e-01 6.173487e-01 -1.656744e-01
-3.024957e-01 1.157700e-01 6.159592e-01 -1.697862e-01
-3.024957e-01 1.182596e-01 6.144738e-01 -1.738300e-01
-3.024957e-01 1.207493e-01 6.129485e-01 -1.778454e-01
-3.000061e-01 -2.863129e-02 6.381611e-01 8.026877e-02
-3.000061e-01 -3.610032e-02 6.360759e-01 9.268331e-02
-3.000061e-01 -3.361064e-02 6.367935e-01 8.855917e-02
-3.000061e-01 -3.112097e-02 6.374773e-01 8.441395e-02
-3.000061e-01 -2.614161e-02 6.388450e-01 7.612311e-02
-3.000061e-01 -2.365194e-02 6.394376e-01 7.193012e-02
-3.000061e-01 -2.116226e-02 6.399857e-01 6.771408e-02
-3.000061e-01 1.157700e-01 6.154964e-01 -1.712289e-01
-3.000061e-01 1.182596e-01 6.140006e-01 -1.753056e-01
-3.000061e-01 1.207493e-01 6.124648e-01 -1.793536e-01
-3.000061e-01 1.232390e-01 6.109291e-01 -1.834015e-01
-3.000061e-01 1.257287e-01 6.093932e-01 -1.874497e-01
-3.000061e-01 1.282183e-01 6.077754e-01 -1.914264e-01
-2.975164e-01 -3.859000e-02 6.351398e-01 9.753622e-02
-2.975164e-01 -4.356935e-02 6.335168e-01 1.057314e-01
-2.975164e-01 -4.107967e-02 6.343284e-01 1.016338e-01
-2.975164e-01 -3.610032e-02 6.359514e-01 9.343863e-02
-2.975164e-01 -3.361064e-02 6.366647e-01 8.928183e-02
-2.975164e-01 -3.112097e-02 6.373440e-01 8.510368e-02
-2.975164e-01 -2.863129e-02 6.380233e-01 8.092555e-02
-2.975164e-01 1.232390e-01 6.102978e-01 -1.849646e-01
-2.975164e-01 1.257287e-01 6.087518e-01 -1.890454e-01
-2.975164e-01 1.282183e-01 6.071236e-01 -1.930534e-01
-2.975164e-01 1.307080e-01 6.054488e-01 -1.970214e-01
-2.975164e-01 1.331977e-01 6.037741e-01 -2.009893e-01
-2.975164e-01 1.356874e-01 6.020993e-01 -2.049573e-01
-2.950267e-01 -4.605903e-02 6.324767e-01 1.106889e-01
-2.950267e-01 -5.103838e-02 6.306053e-01 1.187716e-01
-2.950267e-01 -4.854870e-02 6.315410e-01 1.147300e-01
-2.950267e-01 -4.356935e-02 6.333082e-01 1.065759e-01
-2.950267e-01 -4.107967e-02 6.341152e-01 1.024460e-01
-2.950267e-01 -3.859000e-02 6.349223e-01 9.831621e-02
-2.950267e-01 1.307080e-01 6.046681e-01 -1.986987e-01
-2.950267e-01 1.331977e-01 6.029832e-01 -2.026974e-01
-2.950267e-01 1.356874e-01 6.012983e-01 -2.066960e-01
-2.950267e-01 1.381771e-01 5.995448e-01 -2.106213e-01
-2.950267e-01 1.406667e-01 5.977391e-01 -2.144907e-01
-2.950267e-01 1.431564e-01 5.959336e-01 -2.183602e-01
-2.925370e-01 -5.352806e-02 6.294762e-01 1.237834e-01
-2.925370e-01 -5.850741e-02 6.274722e-01 1.318198e-01
-2.925370e-01 -5.601773e-02 6.285292e-01 1.278446e-01
-2.925370e-01 -5.103838e-02 6.304083e-01 1.197104e-01
-2.925370e-01 -4.854870e-02 6.313403e-01 1.156377e-01
-2.925370e-01 -4.605903e-02 6.322725e-01 1.115654e-01
-2.925370e-01 1.381771e-01 5.987337e-01 -2.123894e-01
-2.925370e-01 1.406667e-01 5.969179e-01 -2.162875e-01
-2.925370e-01 1.431564e-01 5.951022e-01 -2.201855e-01
-2.925370e-01 1.456461e-01 5.932865e-01 -2.240836e-01
-2.925370e-01 1.481358e-01 5.914150e-01 -2.279098e-01
-2.900473e-01 -6.099709e-02 6.262304e-01 1.368560e-01
-2.900473e-01 -6.348676e-02 6.251760e-01 1.408615e-01
-2.900473e-01 -5.850741e-02 6.272848e-01 1.328508e-01
-2.900473e-01 -5.601773e-02 6.283391e-01 1.288456e-01
-2.900473e-01 -5.352806e-02 6.292827e-01 1.247534e-01
-2.900473e-01 1.456461e-01 5.924450e-01 -2.259374e-01
-2.900473e-01 1.481358e-01 5.905635e-01 -2.297911e-01
-2.900473e-01 1.506254e-01 5.886264e-01 -2.335710e-01
-2.900473e-01 1.531151e-01 5.866894e-01 -2.373509e-01
-2.875577e-01 -6.597644e-02 6.238379e-01 1.459767e-01
-2.875577e-01 -7.095579e-02 6.214915e-01 1.538339e-01
-2.875577e-01 -6.846612e-02 6.226646e-01 1.499055e-01
-2.875577e-01 -6.348676e-02 6.248952e-01 1.419466e-01
-2.875577e-01 -6.099709e-02 6.259462e-01 1.379106e-01
-2.875577e-01 1.506254e-01 5.876417e-01 -2.354969e-01
-2.875577e-01 1.531151e-01 5.856950e-01 -2.393029e-01
-2.875577e-01 1.556048e-01 5.837484e-01 -2.431087e-01
-2.875577e-01 1.580945e-01 5.817578e-01 -2.468463e-01
-2.850680e-01 -7.344547e-02 6.199387e-01 1.589607e-01
-2.850680e-01 -7.593515e-02 6.187688e-01 1.629188e-01
-2.850680e-01 -7.095579e-02 6.211087e-01 1.550027e-01
-2.850680e-01 -6.846612e-02 6.222786e-01 1.510445e-01
-2.850680e-01 -6.597644e-02 6.234487e-01 1.470858e-01
-2.850680e-01 1.556048e-01 5.826043e-01 -2.451076e-01
-2.850680e-01 1.580945e-01 5.806046e-01 -2.488701e-01
-2.850680e-01 1.605841e-01 5.785475e-01 -2.525389e-01
-2.850680e-01 1.630738e-01 5.764903e-01 -2.562079e-01
-2.825783e-01 -7.842483e-02 6.171083e-01 1.680211e-01
-2.825783e-01 -8.340418e-02 6.145357e-01 1.757647e-01
-2.825783e-01 -8.091450e-02 6.158220e-01 1.718929e-01
-2.825783e-01 -7.593515e-02 6.183926e-01 1.641473e-01
-2.825783e-01 -7.344547e-02 6.195594e-01 1.601594e-01
-2.825783e-01 1.605841e-01 5.773858e-01 -2.545863e-01
-2.825783e-01 1.630738e-01 5.753196e-01 -2.582789e-01
-2.825783e-01 1.655635e-01 5.732535e-01 -2.619716e-01
-2.825783e-01 1.680532e-01 5.711547e-01 -2.656010e-01
-2.800886e-01 -8.589385e-02 6.128813e-01 1.809796e-01
-2.800886e-01 -8.838353e-02 6.114913e-01 1.847675e-01
-2.800886e-01 -8.340418e-02 6.141655e-01 1.770792e-01
-2.800886e-01 -8.091450e-02 6.154499e-01 1.731788e-01
-2.800886e-01 -7.842483e-02 6.167341e-01 1.692784e-01
-2.800886e-01 1.655635e-01 5.720738e-01 -2.640661e-01
-2.800886e-01 1.680532e-01 5.699662e-01 -2.677182e-01
-2.800886e-01 1.705429e-01 5.678010e-01 -2.712572e-01
-2.800886e-01 1.730325e-01 5.656359e-01 -2.747961e-01
-2.775989e-01 -9.087320e-02 6.096396e-01 1.899405e-01
-2.775989e-01 -9.336288e-02 6.082413e-01 1.937462e-01
-2.775989e-01 -8.838353e-02 6.110380e-01 1.861348e-01
-2.775989e-01 -8.589385e-02 6.124264e-01 1.823191e-01
-2.775989e-01 1.705429e-01 5.664963e-01 -2.734085e-01
-2.775989e-01 1.730325e-01 5.643231e-01 -2.769684e-01
-2.775989e-01 1.755222e-01 5.621498e-01 -2.805282e-01
-2.775989e-01 1.780119e-01 5.599532e-01 -2.840326e-01
-2.751093e-01 -9.585256e-02 6.062660e-01 1.990003e-01
-2.751093e-01 -9.834224e-02 6.047747e-01 2.027228e-01
-2.751093e-01 -9.336288e-02 6.076620e-01 1.951658e-01
-2.751093e-01 -9.087320e-02 6.090579e-01 1.913315e-01
-2.751093e-01 1.755222e-01 5.606667e-01 -2.827407e-01
-2.751093e-01 1.780119e-01 5.584627e-01 -2.862650e-01
-2.751093e-01 1.805016e-01 5.562029e-01 -2.896532e-01
-2.751093e-01 1.829912e-01 5.539432e-01 -2.930414e-01
-2.726196e-01 -1.008319e-01 6.026915e-01 2.079274e-01
-2.726196e-01 -1.033216e-01 6.011840e-01 2.116565e-01
-2.726196e-01 -9.834224e-02 6.041991e-01 2.041985e-01
-2.726196e-01 -9.585256e-02 6.056890e-01 2.004485e-01
-2.726196e-01 1.805016e-01 5.547054e-01 -2.919036e-01
-2.726196e-01 1.829912e-01 5.524386e-01 -2.953098e-01
-2.726196e-01 1.854809e-01 5.501717e-01 -2.987161e-01
-2.701299e-01 -1.058113e-01 5.991042e-01 2.169429e-01
-2.701299e-01 -1.083009e-01 5.975127e-01 2.205904e-01
-2.701299e-01 -1.033216e-01 6.006106e-01 2.131866e-01
-2.701299e-01 -1.008319e-01 6.021171e-01 2.094302e-01
-2.701299e-01 1.854809e-01 5.486601e-01 -3.010026e-01
-2.701299e-01 1.879706e-01 5.463713e-01 -3.043810e-01
-2.701299e-01 1.904603e-01 5.440297e-01 -3.076016e-01
-2.676403e-01 -1.107906e-01 5.952504e-01 2.258139e-01
-2.676403e-01 -1.132803e-01 5.936348e-01 2.294553e-01
-2.676403e-01 -1.083009e-01 5.968660e-01 2.221725e-01
-2.676403e-01 -1.058113e-01 5.984569e-01 2.184984e-01
-2.676403e-01 1.879706e-01 5.447625e-01 -3.066931e-01
-2.676403e-01 1.904603e-01 5.424149e-01 -3.099291e-01
-2.676403e-01 1.929499e-01 5.400676e-01 -3.131644e-01
-2.676403e-01 1.954396e-01 5.377201e-01 -3.163998e-01
-2.651506e-01 -1.157700e-01 5.912236e-01 2.347571e-01
-2.651506e-01 -1.182597e-01 5.895344e-01 2.383202e-01
-2.651506e-01 -1.132803e-01 5.928379e-01 2.310887e-01
-2.651506e-01 -1.107906e-01 5.944523e-01 2.274203e-01
-2.651506e-01 1.929499e-01 5.382637e-01 -3.155233e-01
-2.651506e-01 1.954396e-01 5.359108e-01 -3.187737e-01
-2.651506e-01 1.979293e-01 5.335494e-01 -3.219913e-01
-2.626609e-01 -1.207493e-01 5.870183e-01 2.435514e-01
-2.626609e-01 -1.232390e-01 5.852978e-01 2.470962e-01
-2.626609e-01 -1.182597e-01 5.887387e-01 2.400067e-01
-2.626609e-01 -1.157700e-01 5.904275e-01 2.364177e-01
-2.626609e-01 1.979293e-01 5.317343e-01 -3.243799e-01
-2.626609e-01 2.004190e-01 5.293205e-01 -3.274300e-01
-2.601712e-01 -1.257287e-01 5.827820e-01 2.524038e-01
-2.601712e-01 -1.282184e-01 5.809967e-01 2.558739e-01
-2.601712e-01 -1.232390e-01 5.845023e-01 2.488336e-01
-2.601712e-01 -1.207493e-01 5.862227e-01 2.452633e-01
-2.601712e-01 2.004190e-01 5.275010e-01 -3.298310e-01
-2.601712e-01 2.029087e-01 5.250823e-01 -3.328936e-01
-2.601712e-01 2.053983e-01 5.226637e-01 -3.359562e-01
-2.576815e-01 -1.307080e-01 5.783149e-01 2.611001e-01
-2.576815e-01 -1.331977e-01 5.764919e-01 2.645382e-01
-2.576815e-01 -1.282184e-01 5.801380e-01 2.576613e-01
-2.576815e-01 -1.257287e-01 5.819238e-01 2.541665e-01
-2.576815e-01 2.029087e-01 5.231860e-01 -3.353115e-01
-2.576815e-01 2.053983e-01 5.207629e-01 -3.383865e-01
-2.576815e-01 2.078880e-01 5.183361e-01 -3.414429e-01
-2.551919e-01 -1.356874e-01 5.736332e-01 2.698392e-01
-2.551919e-01 -1.331977e-01 5.754561e-01 2.663760e-01
-2.551919e-01 -1.307080e-01 5.772790e-01 2.629129e-01
-2.551919e-01 2.078880e-01 5.162276e-01 -3.438967e-01
-2.551919e-01 2.103777e-01 5.137568e-01 -3.467606e-01
-2.527022e-01 -1.381771e-01 5.707189e-01 2.750954e-01
-2.527022e-01 -1.406667e-01 5.687977e-01 2.784166e-01
-2.527022e-01 -1.356874e-01 5.725976e-01 2.717020e-01
-2.527022e-01 2.103777e-01 5.116456e-01 -3.492241e-01
-2.527022e-01 2.128673e-01 5.091720e-01 -3.520978e-01
-2.527022e-01 2.153570e-01 5.066984e-01 -3.549715e-01
-2.502125e-01 -1.431564e-01 5.658383e-01 2.836709e-01
-2.502125e-01 -1.456461e-01 5.639161e-01 2.870153e-01
-2.502125e-01 -1.406667e-01 5.677606e-01 2.803265e-01
-2.502125e-01 -1.381771e-01 5.696827e-01 2.769821e-01
-2.502125e-01 2.128673e-01 5.070579e-01 -3.545711e-01
-2.502125e-01 2.153570e-01 5.045816e-01 -3.574545e-01
-2.502125e-01 2.178467e-01 5.021045e-01 -3.603342e-01
-2.477228e-01 -1.481358e-01 5.608591e-01 2.922527e-01
-2.477228e-01 -1.506255e-01 5.588436e-01 2.954452e-01
-2.477228e-01 -1.456461e-01 5.628284e-01 2.889721e-01
-2.477228e-01 -1.431564e-01 5.647514e-01 2.856044e-01
-2.477228e-01 2.178467e-01 4.999320e-01 -3.628283e-01
-2.477228e-01 2.203364e-01 4.974191e-01 -3.654910e-01
-2.452332e-01 -1.531151e-01 5.555341e-01 3.006647e-01
-2.452332e-01 -1.506255e-01 5.575504e-01 2.974500e-01
-2.452332e-01 -1.481358e-01 5.595667e-01 2.942353e-01
-2.452332e-01 2.203364e-01 4.950217e-01 -3.679979e-01
-2.452332e-01 2.228261e-01 4.925078e-01 -3.706684e-01
-2.427435e-01 -1.556048e-01 5.522235e-01 3.059286e-01
-2.427435e-01 -1.580945e-01 5.501695e-01 3.090869e-01
-2.427435e-01 -1.531151e-01 5.542405e-01 3.026917e-01
-2.427435e-01 2.228261e-01 4.901099e-01 -3.731825e-01
-2.427435e-01 2.253157e-01 4.875956e-01 -3.758594e-01
-2.402538e-01 -1.605842e-01 5.467693e-01 3.142315e-01
-2.402538e-01 -1.580945e-01 5.488739e-01 3.111574e-01
-2.402538e-01 -1.556048e-01 5.509291e-01 3.079778e-01
-2.402538e-01 2.253157e-01 4.851970e-01 -3.783806e-01
-2.402538e-01 2.278054e-01 4.826819e-01 -3.810646e-01
-2.377641e-01 -1.630738e-01 5.433329e-01 3.194174e-01
-2.377641e-01 -1.655635e-01 5.412267e-01 3.225117e-01
-2.377641e-01 -1.605842e-01 5.454394e-01 3.163224e-01
-2.377641e-01 2.278054e-01 4.802487e-01 -3.835927e-01
-2.377641e-01 2.302951e-01 4.777104e-01 -3.860610e-01
-2.377641e-01 2.327848e-01 4.751707e-01 -3.885170e-01
-2.352744e-01 -1.680532e-01 5.375257e-01 3.276934e-01
-2.352744e-01 -1.655635e-01 5.396608e-01 3.246471e-01
-2.352744e-01 -1.630738e-01 5.417671e-01 3.215320e-01
-2.352744e-01 2.302951e-01 4.750334e-01 -3.885927e-01
-2.352744e-01 2.327848e-01 4.724952e-01 -3.910535e-01
-2.352744e-01 2.352744e-01 4.699570e-01 -3.935143e-01
-2.327848e-01 -1.705429e-01 5.337727e-01 3.327918e-01
-2.327848e-01 -1.730325e-01 5.315861e-01 3.357348e-01
-2.327848e-01 -1.680532e-01 5.359594e-01 3.298488e-01
-2.327848e-01 2.352744e-01 4.672829e-01 -3.960555e-01
-2.327848e-01 2.377641e-01 4.647460e-01 -3.985211e-01
-2.302951e-01 -1.755222e-01 5.278302e-01 3.408886e-01
-2.302951e-01 -1.730325e-01 5.300178e-01 3.379272e-01
-2.302951e-01 -1.705429e-01 5.322054e-01 3.349657e-01
-2.302951e-01 2.377641e-01 4.620733e-01 -4.010671e-01
-2.302951e-01 2.402538e-01 4.595241e-01 -4.033308e-01
-2.278054e-01 -1.780119e-01 5.240369e-01 3.460208e-01
-2.278054e-01 -1.755222e-01 5.262463e-01 3.430995e-01
-2.278054e-01 2.402538e-01 4.568387e-01 -4.058797e-01
-2.278054e-01 2.427435e-01 4.542896e-01 -4.081178e-01
-2.253157e-01 -1.805016e-01 5.199274e-01 3.510466e-01
-2.253157e-01 -1.829913e-01 5.176676e-01 3.538421e-01
-2.253157e-01 -1.780119e-01 5.221872e-01 3.482512e-01
-2.253157e-01 2.427435e-01 4.513457e-01 -4.106595e-01
-2.253157e-01 2.452331e-01 4.488001e-01 -4.129004e-01
-2.228261e-01 -1.854809e-01 5.135586e-01 3.589177e-01
-2.228261e-01 -1.829913e-01 5.158182e-01 3.561057e-01
-2.228261e-01 -1.805016e-01 5.180778e-01 3.532935e-01
-2.228261e-01 2.427435e-01 4.484017e-01 -4.132010e-01
-2.228261e-01 2.452331e-01 4.458598e-01 -4.154447e-01
-2.203364e-01 -1.879706e-01 5.094357e-01 3.639796e-01
-2.203364e-01 -1.854809e-01 5.117090e-01 3.611980e-01
-2.203364e-01 2.452331e-01 4.429188e-01 -4.179892e-01
-2.203364e-01 2.477228e-01 4.403805e-01 -4.202359e-01
-2.178467e-01 -1.904603e-01 5.052644e-01 3.689085e-01
-2.178467e-01 -1.929500e-01 5.029423e-01 3.715407e-01
-2.178467e-01 -1.879706e-01 5.075865e-01 3.662759e-01
-2.178467e-01 2.477228e-01 4.374434e-01 -4.227831e-01
-2.178467e-01 2.502125e-01 4.349028e-01 -4.248418e-01
-2.153570e-01 -1.954396e-01 4.984881e-01 3.765087e-01
-2.153570e-01 -1.929500e-01 5.008086e-01 3.738616e-01
-2.153570e-01 -1.904603e-01 5.031288e-01 3.712150e-01
-2.153570e-01 2.502125e-01 4.317001e-01 -4.273714e-01
-2.153570e-01 2.527022e-01 4.291639e-01 -4.293859e-01
-2.128674e-01 -1.979293e-01 4.940249e-01 3.814715e-01
-2.128674e-01 -1.954396e-01 4.963515e-01 3.788439e-01
-2.128674e-01 2.527022e-01 4.259626e-01 -4.319161e-01
-2.128674e-01 2.551919e-01 4.234318e-01 -4.339322e-01
-2.103777e-01 -2.004190e-01 4.895204e-01 3.862763e-01
-2.103777e-01 -1.979293e-01 4.918902e-01 3.838207e-01
-2.103777e-01 2.551919e-01 4.202362e-01 -4.364633e-01
-2.103777e-01 2.576815e-01 4.177116e-01 -4.384796e-01
-2.078880e-01 -2.029087e-01 4.850194e-01 3.911044e-01
-2.078880e-01 -2.053983e-01 4.826513e-01 3.935717e-01
-2.078880e-01 -2.004190e-01 4.873874e-01 3.886372e-01
-2.078880e-01 2.576815e-01 4.145218e-01 -4.410116e-01
-2.078880e-01 2.601712e-01 4.120025e-01 -4.428557e-01
-2.053983e-01 -2.078880e-01 4.778840e-01 3.984057e-01
-2.053983e-01 -2.053983e-01 4.802518e-01 3.959455e-01
-2.053983e-01 -2.029087e-01 4.826160e-01 3.934664e-01
-2.053983e-01 2.576815e-01 4.110849e-01 -4.435180e-01
-2.053983e-01 2.601712e-01 4.085734e-01 -4.453618e-01
-2.029087e-01 -2.103777e-01 4.730608e-01 4.030560e-01
-2.029087e-01 -2.078880e-01 4.754635e-01 4.007902e-01
-2.029087e-01 2.601712e-01 4.051217e-01 -4.478654e-01
-2.029087e-01 2.626609e-01 4.026183e-01 -4.496473e-01
-2.004190e-01 -2.128674e-01 4.682458e-01 4.077247e-01
-2.004190e-01 -2.103777e-01 4.706444e-01 4.054496e-01
-2.004190e-01 2.626609e-01 3.991746e-01 -4.521502e-01
-2.004190e-01 2.651505e-01 3.966792e-01 -4.539314e-01
-1.979293e-01 -2.153570e-01 4.634388e-01 4.124117e-01
-1.979293e-01 -2.128674e-01 4.658334e-01 4.101275e-01
-1.979293e-01 2.651505e-01 3.932436e-01 -4.564336e-01
-1.979293e-01 2.676402e-01 3.907562e-01 -4.582134e-01
-1.954396e-01 -2.178467e-01 4.583877e-01 4.170946e-01
-1.954396e-01 -2.153570e-01 4.607764e-01 4.148050e-01
-1.954396e-01 2.651505e-01 3.895832e-01 -4.589044e-01
-1.954396e-01 2.676402e-01 3.871056e-01 -4.606833e-01
-1.929500e-01 -2.203364e-01 4.532720e-01 4.215630e-01
-1.929500e-01 -2.178467e-01 4.556853e-01 4.194935e-01
-1.929500e-01 2.676402e-01 3.834141e-01 -4.631474e-01
-1.929500e-01 2.701299e-01 3.809511e-01 -4.647688e-01
-1.904603e-01 -2.228261e-01 4.481707e-01 4.260444e-01
-1.904603e-01 -2.203364e-01 4.505771e-01 4.239683e-01
-1.904603e-01 2.701299e-01 3.772704e-01 -4.672308e-01
-1.904603e-01 2.726196e-01 3.748201e-01 -4.687734e-01
-1.879706e-01 -2.253157e-01 4.430832e-01 4.305387e-01
-1.879706e-01 -2.228261e-01 4.454824e-01 4.284564e-01
-1.879706e-01 2.701299e-01 3.735895e-01 -4.696929e-01
-1.879706e-01 2.726196e-01 3.711495e-01 -4.712333e-01
-1.854809e-01 -2.278054e-01 4.377782e-01 4.350191e-01
-1.854809e-01 -2.253157e-01 4.401684e-01 4.329305e-01
-1.854809e-01 2.726196e-01 3.672781e-01 -4.736571e-01
-1.854809e-01 2.751093e-01 3.648502e-01 -4.751950e-01
-1.829913e-01 -2.302951e-01 4.324060e-01 4.392793e-01
-1.829913e-01 -2.278054e-01 4.348061e-01 4.374096e-01
-1.829913e-01 2.751093e-01 3.609337e-01 -4.776059e-01
-1.829913e-01 2.775989e-01 3.585183e-01 -4.791412e-01
-1.805016e-01 -2.327848e-01 4.270530e-01 4.435351e-01
-1.805016e-01 -2.302951e-01 4.294441e-01 4.416739e-01
-1.805016e-01 2.751093e-01 3.570172e-01 -4.800169e-01
-1.805016e-01 2.775989e-01 3.546143e-01 -4.815495e-01
-1.780119e-01 -2.352744e-01 4.217203e-01 4.477988e-01
-1.780119e-01 -2.327848e-01 4.241012e-01 4.459337e-01
-1.780119e-01 2.775989e-01 3.507103e-01 -4.839579e-01
-1.780119e-01 2.800886e-01 3.483281e-01 -4.853487e-01
-1.755222e-01 -2.377641e-01 4.162009e-01 4.520364e-01
-1.755222e-01 -2.352744e-01 4.185694e-01 4.501675e-01
-1.755222e-01 2.775989e-01 3.466290e-01 -4.863264e-01
-1.755222e-01 2.800886e-01 3.442611e-01 -4.877137e-01
-1.730325e-01 -2.402538e-01 4.106122e-01 4.560570e-01
-1.730325e-01 -2.377641e-01 4.129769e-01 4.543947e-01
-1.730325e-01 2.800886e-01 3.401214e-01 -4.900623e-01
-1.730325e-01 2.825783e-01 3.377741e-01 -4.913531e-01
-1.705429e-01 -2.427435e-01 4.050491e-01 4.600518e-01
-1.705429e-01 -2.402538e-01 4.074017e-01 4.584171e-01
-1.705429e-01 2.825783e-01 3.336495e-01 -4.936975e-01
-1.705429e-01 2.850680e-01 3.313174e-01 -4.949841e-01
-1.680532e-01 -2.427435e-01 4.018522e-01 4.624135e-01
-1.680532e-01 -2.402538e-01 4.041912e-01 4.607773e-01
-1.680532e-01 2.825783e-01 3.295250e-01 -4.960420e-01
-1.680532e-01 2.850680e-01 3.272080e-01 -4.973245e-01
-1.655635e-01 -2.452332e-01 3.961475e-01 4.663736e-01
-1.655635e-01 -2.427435e-01 3.984709e-01 4.647359e-01
-1.655635e-01 2.850680e-01 3.229470e-01 -4.996223e-01
-1.655635e-01 2.875577e-01 3.206466e-01 -5.009012e-01
-1.630738e-01 -2.477228e-01 3.903726e-01 4.703145e-01
-1.630738e-01 -2.452332e-01 3.926790e-01 4.686751e-01
-1.630738e-01 2.850680e-01 3.186004e-01 -5.018960e-01
-1.630738e-01 2.875577e-01 3.163175e-01 -5.031703e-01
-1.605842e-01 -2.502125e-01 3.846289e-01 4.740644e-01
-1.605842e-01 -2.477228e-01 3.869201e-01 4.726178e-01
-1.605842e-01 2.875577e-01 3.119875e-01 -5.054399e-01
-1.605842e-01 2.900473e-01 3.097335e-01 -5.065870e-01
-1.580945e-01 -2.527022e-01 3.789197e-01 4.777674e-01
-1.580945e-01 -2.502125e-01 3.811941e-01 4.763671e-01
-1.580945e-01 2.875577e-01 3.076584e-01 -5.077091e-01
-1.580945e-01 2.900473e-01 3.054221e-01 -5.088512e-01
-1.556048e-01 -2.527022e-01 3.753440e-01 4.800266e-01
-1.556048e-01 -2.502125e-01 3.775997e-01 4.786269e-01
-1.556048e-01 2.900473e-01 3.009814e-01 -5.110712e-01
-1.556048e-01 2.925370e-01 2.987742e-01 -5.120996e-01
-1.531151e-01 -2.551919e-01 3.694138e-01 4.836525e-01
-1.531151e-01 -2.527022e-01 3.716491e-01 4.822533e-01
-1.531151e-01 2.900473e-01 2.964432e-01 -5.132581e-01
-1.531151e-01 2.925370e-01 2.942564e-01 -5.142804e-01
-1.506255e-01 -2.576815e-01 3.635240e-01 4.872774e-01
-1.506255e-01 -2.551919e-01 3.657392e-01 4.858786e-01
-1.506255e-01 2.925370e-01 2.897385e-01 -5.164611e-01
-1.506255e-01 2.950267e-01 2.875721e-01 -5.174774e-01
-1.481358e-01 -2.601712e-01 3.576786e-01 4.907241e-01
-1.481358e-01 -2.576815e-01 3.598696e-01 4.895030e-01
-1.481358e-01 2.925370e-01 2.852207e-01 -5.186419e-01
-1.481358e-01 2.950267e-01 2.830747e-01 -5.196521e-01
-1.456461e-01 -2.601712e-01 3.539119e-01 4.929037e-01
-1.456461e-01 -2.576815e-01 3.560811e-01 4.916842e-01
-1.456461e-01 2.950267e-01 2.784706e-01 -5.217826e-01
-1.456461e-01 2.975163e-01 2.763463e-01 -5.227866e-01
-1.431564e-01 -2.626609e-01 3.478691e-01 4.961938e-01
-1.431564e-01 -2.601712e-01 3.500136e-01 4.950389e-01
-1.431564e-01 2.950267e-01 2.737606e-01 -5.238689e-01
-1.431564e-01 2.975163e-01 2.716593e-01 -5.248665e-01
-1.406667e-01 -2.651506e-01 3.418730e-01 4.994802e-01
-1.406667e-01 -2.626609e-01 3.439941e-01 4.983270e-01
-1.406667e-01 2.950267e-01 2.690507e-01 -5.259553e-01
-1.406667e-01 2.975163e-01 2.669724e-01 -5.269464e-01
-1.381771e-01 -2.651506e-01 3.380214e-01 5.016114e-01
-1.381771e-01 -2.626609e-01 3.401192e-01 5.004601e-01
-1.381771e-01 2.975163e-01 2.622854e-01 -5.290263e-01
-1.381771e-01 3.000060e-01 2.602436e-01 -5.299032e-01
-1.356874e-01 -2.676403e-01 3.319881e-01 5.048473e-01
-1.356874e-01 -2.651506e-01 3.340610e-01 5.036987e-01
-1.356874e-01 2.975163e-01 2.575126e-01 -5.310631e-01
-1.356874e-01 3.000060e-01 2.554951e-01 -5.319330e-01
-1.331977e-01 -2.701299e-01 3.258711e-01 5.078636e-01
-1.331977e-01 -2.676403e-01 3.279108e-01 5.068753e-01
-1.331977e-01 3.000060e-01 2.506351e-01 -5.339059e-01
-1.331977e-01 3.024957e-01 2.486595e-01 -5.346427e-01
-1.307080e-01 -2.701299e-01 3.218203e-01 5.098889e-01
-1.307080e-01 -2.676403e-01 3.238338e-01 5.089033e-01
-1.307080e-01 3.000060e-01 2.457754e-01 -5.358787e-01
-1.307080e-01 3.024957e-01 2.438259e-01 -5.366075e-01
-1.282184e-01 -2.726196e-01 3.157844e-01 5.128192e-01
-1.282184e-01 -2.701299e-01 3.177687e-01 5.119146e-01
-1.282184e-01 3.000060e-01 2.409146e-01 -5.378518e-01
-1.282184e-01 3.024957e-01 2.389912e-01 -5.385726e-01
-1.257287e-01 -2.751093e-01 3.097180e-01 5.157028e-01
-1.257287e-01 -2.726196e-01 3.116751e-01 5.148010e-01
-1.257287e-01 3.024957e-01 2.340925e-01 -5.404971e-01
-1.257287e-01 3.049854e-01 2.321960e-01 -5.412098e-01
-1.232390e-01 -2.751093e-01 3.054877e-01 5.176105e-01
-1.232390e-01 -2.726196e-01 3.074159e-01 5.167112e-01
-1.232390e-01 3.024957e-01 2.290787e-01 -5.423509e-01
-1.232390e-01 3.049854e-01 2.272109e-01 -5.430552e-01
-1.207493e-01 -2.775989e-01 2.993582e-01 5.204151e-01
-1.207493e-01 -2.751093e-01 3.012574e-01 5.195182e-01
-1.207493e-01 3.024957e-01 2.240647e-01 -5.442047e-01
-1.207493e-01 3.049854e-01 2.222257e-01 -5.449005e-01
-1.182597e-01 -2.775989e-01 2.951568e-01 5.223203e-01
-1.182597e-01 -2.751093e-01 2.970271e-01 5.214259e-01
-1.182597e-01 3.049854e-01 2.172405e-01 -5.467460e-01
-1.182597e-01 3.074751e-01 2.154302e-01 -5.474328e-01
-1.157700e-01 -2.800886e-01 2.890568e-01 5.249417e-01
-1.157700e-01 -2.775989e-01 2.908907e-01 5.241895e-01
-1.157700e-01 3.049854e-01 2.122072e-01 -5.485554e-01
-1.157700e-01 3.074751e-01 2.104264e-01 -5.492338e-01
-1.132803e-01 -2.800886e-01 2.846660e-01 5.267220e-01
-1.132803e-01 -2.775989e-01 2.864687e-01 5.259722e-01
-1.132803e-01 3.049854e-01 2.070582e-01 -5.502782e-01
-1.132803e-01 3.074751e-01 2.053089e-01 -5.509479e-01
-1.107906e-01 -2.825783e-01 2.785075e-01 5.291563e-01
-1.107906e-01 -2.800886e-01 2.802753e-01 5.285022e-01
-1.107906e-01 3.074751e-01 2.001913e-01 -5.526621e-01
-1.107906e-01 3.099647e-01 1.984883e-01 -5.532305e-01
-1.083009e-01 -2.825783e-01 2.741475e-01 5.309337e-01
-1.083009e-01 -2.800886e-01 2.758844e-01 5.302826e-01
-1.083009e-01 3.074751e-01 1.950737e-01 -5.543762e-01
-1.083009e-01 3.099647e-01 1.934021e-01 -5.549357e-01
-1.058113e-01 -2.850680e-01 2.680356e-01 5.333303e-01
-1.058113e-01 -2.825783e-01 2.697410e-01 5.326819e-01
-1.058113e-01 3.074751e-01 1.899230e-01 -5.560606e-01
-1.058113e-01 3.099647e-01 1.882835e-01 -5.566109e-01
-1.033216e-01 -2.850680e-01 2.635036e-01 5.349750e-01
-1.033216e-01 -2.825783e-01 2.651758e-01 5.343288e-01
-1.033216e-01 3.099647e-01 1.830548e-01 -5.581822e-01
-1.033216e-01 3.124544e-01 1.814725e-01 -5.585799e-01
-1.008319e-01 -2.875577e-01 2.573323e-01 5.372643e-01
-1.008319e-01 -2.850680e-01 2.589715e-01 5.366197e-01
-1.008319e-01 3.099647e-01 1.778260e-01 -5.597537e-01
-1.008319e-01 3.124544e-01 1.762779e-01 -5.601414e-01
-9.834224e-02 -2.875577e-01 2.528337e-01 5.389068e-01
-9.834224e-02 -2.850680e-01 2.544397e-01 5.382644e-01
-9.834224e-02 3.099647e-01 1.725976e-01 -5.613248e-01
-9.834224e-02 3.124544e-01 1.710837e-01 -5.617028e-01
-9.585256e-02 -2.900473e-01 2.467372e-01 5.410479e-01
-9.585256e-02 -2.875577e-01 2.483053e-01 5.405280e-01
-9.585256e-02 3.099647e-01 1.673493e-01 -5.628738e-01
-9.585256e-02 3.124544e-01 1.658700e-01 -5.632418e-01
-9.336288e-02 -2.900473e-01 2.420831e-01 5.425514e-01
-9.336288e-02 -2.875577e-01 2.436166e-01 5.420332e-01
-9.336288e-02 3.099647e-01 1.619949e-01 -5.643009e-01
-9.336288e-02 3.124544e-01 1.605523e-01 -5.646589e-01
-9.087320e-02 -2.925370e-01 2.359334e-01 5.444648e-01
-9.087320e-02 -2.900473e-01 2.374294e-01 5.440549e-01
-9.087320e-02 3.124544e-01 1.552351e-01 -5.660759e-01
-9.087320e-02 3.149441e-01 1.538292e-01 -5.664241e-01
-8.838353e-02 -2.925370e-01 2.313138e-01 5.459662e-01
-8.838353e-02 -2.900473e-01 2.327757e-01 5.455583e-01
-8.838353e-02 3.124544e-01 1.499178e-01 -5.674930e-01
-8.838353e-02 3.149441e-01 1.485487e-01 -5.678313e-01
-8.589385e-02 -2.950267e-01 2.252522e-01 5.478612e-01
-8.589385e-02 -2.925370e-01 2.266798e-01 5.474554e-01
-8.589385e-02 3.124544e-01 1.445921e-01 -5.688968e-01
-8.589385e-02 3.149441e-01 1.432600e-01 -5.692252e-01
-8.340418e-02 -2.950267e-01 2.204954e-01 5.492190e-01
-8.340418e-02 -2.925370e-01 2.218873e-01 5.488142e-01
-8.340418e-02 3.124544e-01 1.391718e-01 -5.701597e-01
-8.340418e-02 3.149441e-01 1.378788e-01 -5.704781e-01
-8.091450e-02 -2.950267e-01 2.157386e-01 5.505768e-01
-8.091450e-02 -2.925370e-01 2.170948e-01 5.501731e-01
-8.091450e-02 3.124544e-01 1.337516e-01 -5.714225e-01
-8.091450e-02 3.149441e-01 1.324976e-01 -5.717310e-01
-7.842483e-02 -2.975164e-01 2.096613e-01 5.523374e-01
-7.842483e-02 -2.950267e-01 2.109819e-01 5.519346e-01
-7.842483e-02 3.149441e-01 1.271164e-01 -5.729840e-01
-7.842483e-02 3.174338e-01 1.259016e-01 -5.732827e-01
-7.593515e-02 -2.975164e-01 2.049374e-01 5.536916e-01
-7.593515e-02 -2.950267e-01 2.062223e-01 5.532899e-01
-7.593515e-02 3.149441e-01 1.217338e-01 -5.742340e-01
-7.593515e-02 3.174338e-01 1.205581e-01 -5.745229e-01
-7.344547e-02 -2.975164e-01 2.000576e-01 5.549018e-01
-7.344547e-02 -2.950267e-01 2.013054e-01 5.545000e-01
-7.344547e-02 3.149441e-01 1.162708e-01 -5.753235e-01
-7.344547e-02 3.174338e-01 1.151364e-01 -5.756027e-01
-7.095579e-02 -3.000061e-01 1.939677e-01 5.564103e-01
-7.095579e-02 -2.975164e-01 1.951777e-01 5.561121e-01
-7.095579e-02 3.149441e-01 1.108078e-01 -5.764130e-01
-7.095579e-02 3.174338e-01 1.097146e-01 -5.766825e-01
-6.846612e-02 -3.000061e-01 1.891242e-01 5.576202e-01
-6.846612e-02 -2.975164e-01 1.902977e-01 5.573223e-01
-6.846612e-02 3.149441e-01 1.053446e-01 -5.775025e-01
-6.846612e-02 3.174338e-01 1.042926e-01 -5.777624e-01
-6.597644e-02 -3.000061e-01 1.842806e-01 5.588301e-01
-6.597644e-02 -2.975164e-01 1.854175e-01 5.585326e-01
-6.597644e-02 3.149441e-01 9.988125e-02 -5.785922e-01
-6.597644e-02 3.174338e-01 9.887046e-02 -5.788423e-01
-6.348676e-02 -3.024957e-01 1.781991e-01 5.600750e-01
-6.348676e-02 -3.000061e-01 1.792994e-01 5.598977e-01
-6.348676e-02 3.149441e-01 9.436043e-02 -5.795191e-01
-6.348676e-02 3.174338e-01 9.339262e-02 -5.797598e-01
-6.099709e-02 -3.024957e-01 1.732471e-01 5.611352e-01
-6.099709e-02 -3.000061e-01 1.743104e-01 5.609576e-01
-6.099709e-02 3.149441e-01 8.883610e-02 -5.804374e-01
-6.099709e-02 3.174338e-01 8.791138e-02 -5.806687e-01
-5.850741e-02 -3.024957e-01 1.682954e-01 5.621951e-01
-5.850741e-02 -3.000061e-01 1.693217e-01 5.620173e-01
-5.850741e-02 3.174338e-01 8.243054e-02 -5.815774e-01
-5.850741e-02 3.199235e-01 8.156142e-02 -5.817221e-01
-5.601773e-02 -3.049854e-01 1.623544e-01 5.634331e-01
-5.601773e-02 -3.024957e-01 1.633438e-01 5.632551e-01
-5.601773e-02 3.174338e-01 7.694969e-02 -5.824862e-01
-5.601773e-02 3.199235e-01 7.612351e-02 -5.826214e-01
-5.352806e-02 -3.049854e-01 1.573247e-01 5.643597e-01
-5.352806e-02 -3.024957e-01 1.582763e-01 5.641806e-01
-5.352806e-02 3.174338e-01 7.143622e-02 -5.832382e-01
-5.352806e-02 3.199235e-01 7.065430e-02 -5.833644e-01
-5.103838e-02 -3.049854e-01 1.522793e-01 5.652680e-01
-5.103838e-02 -3.024957e-01 1.531931e-01 5.650876e-01
-5.103838e-02 3.174338e-01 6.591828e-02 -5.839688e-01
-5.103838e-02 3.199235e-01 6.518081e-02 -5.840860e-01
-4.854870e-02 -3.074751e-01 1.463580e-01 5.663573e-01
-4.854870e-02 -3.049854e-01 1.472340e-01 5.661764e-01
-4.854870e-02 3.174338e-01 6.040053e-02 -5.846995e-01
-4.854870e-02 3.199235e-01 5.970754e-02 -5.848078e-01
-4.605903e-02 -3.074751e-01 1.413510e-01 5.672671e-01
-4.605903e-02 -3.049854e-01 1.421891e-01 5.670848e-01
-4.605903e-02 3.174338e-01 5.488328e-02 -5.854303e-01
-4.605903e-02 3.199235e-01 5.423479e-02 -5.855294e-01
-4.356935e-02 -3.074751e-01 1.362492e-01 5.680521e-01
-4.356935e-02 -3.049854e-01 1.370490e-01 5.678678e-01
-4.356935e-02 3.174338e-01 4.935461e-02 -5.860123e-01
-4.356935e-02 3.199235e-01 4.875155e-02 -5.861030e-01
-4.107967e-02 -3.074751e-01 1.311254e-01 5.688080e-01
-4.107967e-02 -3.049854e-01 1.318867e-01 5.686213e-01
-4.107967e-02 3.174338e-01 4.382326e-02 -5.865595e-01
-4.107967e-02 3.199235e-01 4.326585e-02 -5.866418e-01
-3.859000e-02 -3.099647e-01 1.252756e-01 5.696650e-01
-3.859000e-02 -3.074751e-01 1.260016e-01 5.695639e-01
-3.859000e-02 3.174338e-01 3.829191e-02 -5.871068e-01
-3.859000e-02 3.199235e-01 3.778016e-02 -5.871807e-01
-3.610032e-02 -3.099647e-01 1.201899e-01 5.704228e-01
-3.610032e-02 -3.074751e-01 1.208778e-01 5.703197e-01
-3.610032e-02 3.174338e-01 3.276057e-02 -5.876540e-01
-3.610032e-02 3.199235e-01 3.229448e-02 -5.877195e-01
-3.361064e-02 -3.099647e-01 1.150276e-01 5.710653e-01
-3.361064e-02 -3.074751e-01 1.156770e-01 5.709596e-01
-3.361064e-02 3.174338e-01 2.723560e-02 -5.880622e-01
-3.361064e-02 3.199235e-01 2.681573e-02 -5.881199e-01
-3.112097e-02 -3.099647e-01 1.098379e-01 5.716677e-01
-3.112097e-02 -3.074751e-01 1.104486e-01 5.715593e-01
-3.112097e-02 3.174338e-01 2.171199e-02 -5.884219e-01
-3.112097e-02 3.199235e-01 2.133853e-02 -5.884720e-01
-2.863129e-02 -3.124544e-01 1.040689e-01 5.722448e-01
-2.863129e-02 -3.099647e-01 1.046482e-01 5.722703e-01
-2.863129e-02 3.174338e-01 1.618850e-02 -5.887817e-01
-2.863129e-02 3.199235e-01 1.586144e-02 -5.888242e-01
-2.614161e-02 -3.124544e-01 9.891690e-02 5.728496e-01
-2.614161e-02 -3.099647e-01 9.945823e-02 5.728729e-01
-2.614161e-02 3.174338e-01 1.066460e-02 -5.891416e-01
-2.614161e-02 3.199235e-01 1.038391e-02 -5.891764e-01
-2.365194e-02 -3.124544e-01 9.370495e-02 5.733492e-01
-2.365194e-02 -3.099647e-01 9.420795e-02 5.733697e-01
-2.365194e-02 3.174338e-01 5.161729e-03 -5.893739e-01
-2.365194e-02 3.199235e-01 4.927635e-03 -5.894017e-01
-2.116226e-02 -3.124544e-01 8.846378e-02 5.737976e-01
-2.116226e-02 -3.099647e-01 8.892831e-02 5.738150e-01
-2.116226e-02 3.174338e-01 -3.308877e-04 -5.895442e-01
-2.116226e-02 3.199235e-01 -5.182792e-04 -5.895652e-01
-1.867258e-02 -3.124544e-01 8.322264e-02 5.742459e-01
-1.867258e-02 -3.099647e-01 8.364867e-02 5.742604e-01
-1.867258e-02 3.174338e-01 -5.823501e-03 -5.897144e-01
-1.867258e-02 3.199235e-01 -5.964192e-03 -5.897287e-01
-1.618291e-02 -3.124544e-01 7.798148e-02 5.746943e-01
-1.618291e-02 -3.099647e-01 7.836902e-02 5.747056e-01
-1.618291e-02 3.174338e-01 -1.131612e-02 -5.898846e-01
-1.618291e-02 3.199235e-01 -1.141011e-02 -5.898921e-01
-1.369323e-02 -3.149441e-01 7.234579e-02 5.750396e-01
-1.369323e-02 -3.124544e-01 7.269464e-02 5.750473e-01
-1.369323e-02 3.149441e-01 -1.672141e-02 -5.898615e-01
-1.369323e-02 3.174338e-01 -1.677684e-02 -5.899401e-01
-1.120355e-02 -3.149441e-01 6.706779e-02 5.753338e-01
-1.120355e-02 -3.124544e-01 6.737778e-02 5.753376e-01
-1.120355e-02 3.149441e-01 -2.220811e-02 -5.898474e-01
-1.120355e-02 3.174338e-01 -2.221661e-02 -5.899202e-01
-8.713876e-03 -3.149441e-01 6.179011e-02 5.756280e-01
-8.713876e-03 -3.124544e-01 6.206123e-02 5.756280e-01
-8.713876e-03 3.149441e-01 -2.769450e-02 -5.898335e-01
-8.713876e-03 3.174338e-01 -2.765606e-02 -5.899003e-01
-6.224199e-03 -3.149441e-01 5.651283e-02 5.759224e-01
-6.224199e-03 -3.124544e-01 5.674505e-02 5.759186e-01
-6.224199e-03 3.149441e-01 -3.318052e-02 -5.898197e-01
-6.224199e-03 3.174338e-01 -3.309511e-02 -5.898806e-01
-3.734522e-03 -3.149441e-01 5.120339e-02 5.761319e-01
-3.734522e-03 -3.124544e-01 5.139656e-02 5.761238e-01
-3.734522e-03 3.149441e-01 -3.862645e-02 -5.897044e-01
-3.734522e-03 3.174338e-01 -3.849435e-02 -5.897599e-01
-1.244846e-03 -3.149441e-01 4.586627e-02 5.762677e-01
-1.244846e-03 -3.124544e-01 4.602025e-02 5.762550e-01
-1.244846e-03 3.149441e-01 -4.403712e-02 -5.895008e-01
-1.244846e-03 3.174338e-01 -4.385857e-02 -5.895514e-01
1.244831e-03 -3.149441e-01 4.052845e-02 5.764034e-01
1.244831e-03 -3.124544e-01 4.064323e-02 5.763861e-01
1.244831e-03 3.149441e-01 -4.944851e-02 -5.892972e-01
1.244831e-03 3.174338e-01 -4.922352e-02 -5.893429e-01
3.734508e-03 -3.174338e-01 3.511540e-02 5.765608e-01
3.734508e-03 -3.149441e-01 3.519099e-02 5.765390e-01
3.734508e-03 3.149441e-01 -5.485952e-02 -5.890936e-01
3.734508e-03 3.174338e-01 -5.458808e-02 -5.891343e-01
6.224184e-03 -3.174338e-01 2.979613e-02 5.766270e-01
6.224184e-03 -3.149441e-01 2.983242e-02 5.766004e-01
6.224184e-03 3.124544e-01 -6.054393e-02 -5.887666e-01
6.224184e-03 3.149441e-01 -6.022649e-02 -5.888030e-01
8.713861e-03 -3.174338e-01 2.445267e-02 5.766080e-01
8.713861e-03 -3.149441e-01 2.444952e-02 5.765762e-01
8.713861e-03 3.124544e-01 -6.590589e-02 -5.883801e-01
8.713861e-03 3.149441e-01 -6.554294e-02 -5.884126e-01
1.120354e-02 -3.174338e-01 1.910881e-02 5.765892e-01
1.120354e-02 -3.149441e-01 1.906625e-02 5.765523e-01
1.120354e-02 3.124544e-01 -7.126818e-02 -5.879936e-01
1.120354e-02 3.149441e-01 -7.085975e-02 -5.880224e-01
1.369321e-02 -3.174338e-01 1.376461e-02 5.765705e-01
1.369321e-02 -3.149441e-01 1.368265e-02 5.765284e-01
1.369321e-02 3.124544e-01 -7.663073e-02 -5.876071e-01
1.369321e-02 3.149441e-01 -7.617685e-02 -5.876321e-01
1.618289e-02 -3.174338e-01 8.409009e-03 5.764883e-01
1.618289e-02 -3.149441e-01 8.287578e-03 5.764408e-01
1.618289e-02 3.124544e-01 -8.194777e-02 -5.871482e-01
1.618289e-02 3.149441e-01 -8.144896e-02 -5.871697e-01
1.867257e-02 -3.174338e-01 3.036041e-03 5.763094e-01
1.867257e-02 -3.149441e-01 2.875023e-03 5.762563e-01
1.867257e-02 3.124544e-01 -8.719550e-02 -5.865786e-01
1.867257e-02 3.149441e-01 -8.665258e-02 -5.865974e-01
2.116225e-02 -3.174338e-01 -2.336925e-03 5.761306e-01
2.116225e-02 -3.149441e-01 -2.537528e-03 5.760716e-01
2.116225e-02 3.099647e-01 -9.303026e-02 -5.859928e-01
2.116225e-02 3.124544e-01 -9.244323e-02 -5.860090e-01
2.365192e-02 -3.174338e-01 -7.709894e-03 5.759518e-01
2.365192e-02 -3.149441e-01 -7.950086e-03 5.758871e-01
2.365192e-02 3.099647e-01 -9.832211e-02 -5.854260e-01
2.365192e-02 3.124544e-01 -9.769096e-02 -5.854393e-01
2.614160e-02 -3.174338e-01 -1.308708e-02 5.757202e-01
2.614160e-02 -3.149441e-01 -1.336690e-02 5.756496e-01
2.614160e-02 3.099647e-01 -1.035705e-01 -5.848007e-01
2.614160e-02 3.124544e-01 -1.028958e-01 -5.848118e-01
2.863127e-02 -3.174338e-01 -1.847293e-02 5.753804e-01
2.863127e-02 -3.149441e-01 -1.879248e-02 5.753037e-01
2.863127e-02 3.099647e-01 -1.087297e-01 -5.840555e-01
2.863127e-02 3.124544e-01 -1.080126e-01 -5.840651e-01
3.112095e-02 -3.174338e-01 -2.385829e-02 5.750408e-01
3.112095e-02 -3.149441e-01 -2.421759e-02 5.749578e-01
3.112095e-02 3.074751e-01 -1.146434e-01 -5.831553e-01
3.112095e-02 3.099647e-01 -1.138885e-01 -5.833106e-01
3.361063e-02 -3.174338e-01 -2.924335e-02 5.747012e-01
3.361063e-02 -3.149441e-01 -2.964243e-02 5.746120e-01
3.361063e-02 3.074751e-01 -1.198451e-01 -5.824125e-01
3.361063e-02 3.099647e-01 -1.190471e-01 -5.825657e-01
3.610031e-02 -3.174338e-01 -3.462722e-02 5.743199e-01
3.610031e-02 -3.149441e-01 -3.506610e-02 5.742245e-01
3.610031e-02 3.074751e-01 -1.250081e-01 -5.816252e-01
3.610031e-02 3.099647e-01 -1.241674e-01 -5.817765e-01
3.858998e-02 -3.174338e-01 -4.000770e-02 5.738189e-01
3.858998e-02 -3.149441e-01 -4.048644e-02 5.737168e-01
3.858998e-02 3.074751e-01 -1.300599e-01 -5.807105e-01
3.858998e-02 3.099647e-01 -1.291781e-01 -5.808609e-01
4.107966e-02 -3.174338e-01 -4.538817e-02 5.733178e-01
4.107966e-02 -3.149441e-01 -4.590676e-02 5.732092e-01
4.107966e-02 3.049854e-01 -1.360334e-01 -5.795517e-01
4.107966e-02 3.074751e-01 -1.351118e-01 -5.797958e-01
4.356933e-02 -3.174338e-01 -5.076865e-02 5.728168e-01
4.356933e-02 -3.149441e-01 -5.132710e-02 5.727015e-01
4.356933e-02 3.049854e-01 -1.411268e-01 -5.786384e-01
4.356933e-02 3.074751e-01 -1.401636e-01 -5.788811e-01
4.605901e-02 -3.174338e-01 -5.614506e-02 5.722851e-01
4.605901e-02 -3.149441e-01 -5.674336e-02 5.721631e-01
4.605901e-02 3.049854e-01 -1.461892e-01 -5.776939e-01
4.605901e-02 3.074751e-01 -1.451848e-01 -5.779356e-01
4.854869e-02 -3.174338e-01 -6.150410e-02 5.716223e-01
4.854869e-02 -3.149441e-01 -6.214227e-02 5.714933e-01
4.854869e-02 3.024957e-01 -1.521624e-01 -5.763744e-01
4.854869e-02 3.049854e-01 -1.511187e-01 -5.766164e-01
5.103837e-02 -3.174338e-01 -6.686364e-02 5.709597e-01
5.103837e-02 -3.149441e-01 -6.754164e-02 5.708238e-01
5.103837e-02 3.024957e-01 -1.571315e-01 -5.752972e-01
5.103837e-02 3.049854e-01 -1.560484e-01 -5.755389e-01
5.352804e-02 -3.174338e-01 -7.222340e-02 5.702972e-01
5.352804e-02 -3.149441e-01 -7.294124e-02 5.701542e-01
5.352804e-02 3.024957e-01 -1.621008e-01 -5.742201e-01
5.352804e-02 3.049854e-01 -1.609784e-01 -5.744615e-01
5.601772e-02 -3.174338e-01 -7.757836e-02 5.696151e-01
5.601772e-02 -3.149441e-01 -7.833602e-02 5.694652e-01
5.601772e-02 3.000060e-01 -1.682102e-01 -5.728832e-01
5.601772e-02 3.024957e-01 -1.670487e-01 -5.731242e-01
5.850739e-02 -3.174338e-01 -8.289841e-02 5.687910e-01
5.850739e-02 -3.149441e-01 -8.369578e-02 5.686337e-01
5.850739e-02 3.000060e-01 -1.730393e-01 -5.716495e-01
5.850739e-02 3.024957e-01 -1.718409e-01 -5.718912e-01
6.099707e-02 -3.174338e-01 -8.821845e-02 5.679668e-01
6.099707e-02 -3.149441e-01 -8.905557e-02 5.678022e-01
6.099707e-02 3.000060e-01 -1.778685e-01 -5.704158e-01
6.099707e-02 3.024957e-01 -1.766331e-01 -5.706583e-01
6.348675e-02 -3.174338e-01 -9.353849e-02 5.671427e-01
6.348675e-02 -3.149441e-01 -9.441534e-02 5.669707e-01
6.348675e-02 2.975163e-01 -1.839707e-01 -5.688068e-01
6.348675e-02 3.000060e-01 -1.826977e-01 -5.691821e-01
6.597643e-02 -3.174338e-01 -9.885557e-02 5.663102e-01
6.597643e-02 -3.149441e-01 -9.977216e-02 5.661309e-01
6.597643e-02 2.975163e-01 -1.888275e-01 -5.675656e-01
6.597643e-02 3.000060e-01 -1.875172e-01 -5.679408e-01
6.846610e-02 -3.149441e-01 -1.050745e-01 5.651381e-01
6.846610e-02 -3.124544e-01 -1.060307e-01 5.649511e-01
6.846610e-02 2.975163e-01 -1.935047e-01 -5.661841e-01
6.846610e-02 3.000060e-01 -1.921595e-01 -5.665603e-01
7.095578e-02 -3.149441e-01 -1.103763e-01 5.641456e-01
7.095578e-02 -3.124544e-01 -1.113720e-01 5.639509e-01
7.095578e-02 2.950267e-01 -1.995634e-01 -5.643129e-01
7.095578e-02 2.975163e-01 -1.981814e-01 -5.648028e-01
7.344545e-02 -3.149441e-01 -1.156779e-01 5.631530e-01
7.344545e-02 -3.124544e-01 -1.167131e-01 5.629507e-01
7.344545e-02 2.950267e-01 -2.042754e-01 -5.629313e-01
7.344545e-02 2.975163e-01 -2.028580e-01 -5.634215e-01
7.593513e-02 -3.149441e-01 -1.209795e-01 5.621605e-01
7.593513e-02 -3.124544e-01 -1.220542e-01 5.619504e-01
7.593513e-02 2.950267e-01 -2.089873e-01 -5.615497e-01
7.593513e-02 2.975163e-01 -2.075346e-01 -5.620402e-01
7.842481e-02 -3.149441e-01 -1.262064e-01 5.610107e-01
7.842481e-02 -3.124544e-01 -1.273202e-01 5.607928e-01
7.842481e-02 2.925370e-01 -2.149896e-01 -5.595409e-01
7.842481e-02 2.950267e-01 -2.135043e-01 -5.600326e-01
8.091448e-02 -3.149441e-01 -1.314319e-01 5.598582e-01
8.091448e-02 -3.124544e-01 -1.325849e-01 5.596324e-01
8.091448e-02 2.925370e-01 -2.195358e-01 -5.580201e-01
8.091448e-02 2.950267e-01 -2.180178e-01 -5.585130e-01
8.340416e-02 -3.149441e-01 -1.366574e-01 5.587057e-01
8.340416e-02 -3.124544e-01 -1.378495e-01 5.584719e-01
8.340416e-02 2.900473e-01 -2.256326e-01 -5.560052e-01
8.340416e-02 2.925370e-01 -2.240820e-01 -5.564994e-01
8.589384e-02 -3.124544e-01 -1.431141e-01 5.573115e-01
8.589384e-02 -3.099647e-01 -1.443453e-01 5.570699e-01
8.589384e-02 2.900473e-01 -2.302114e-01 -5.544832e-01
8.589384e-02 2.925370e-01 -2.286281e-01 -5.549785e-01
8.838352e-02 -3.124544e-01 -1.482926e-01 5.560067e-01
8.838352e-02 -3.099647e-01 -1.495624e-01 5.557568e-01
8.838352e-02 2.875577e-01 -2.362164e-01 -5.522314e-01
8.838352e-02 2.900473e-01 -2.346011e-01 -5.528438e-01
9.087319e-02 -3.124544e-01 -1.534635e-01 5.546882e-01
9.087319e-02 -3.099647e-01 -1.547717e-01 5.544302e-01
9.087319e-02 2.875577e-01 -2.406189e-01 -5.505797e-01
9.087319e-02 2.900473e-01 -2.389733e-01 -5.511934e-01
9.336287e-02 -3.124544e-01 -1.586345e-01 5.533699e-01
9.336287e-02 -3.099647e-01 -1.599811e-01 5.531037e-01
9.336287e-02 2.875577e-01 -2.450215e-01 -5.489280e-01
9.336287e-02 2.900473e-01 -2.433456e-01 -5.495430e-01
9.585255e-02 -3.124544e-01 -1.638054e-01 5.520515e-01
9.585255e-02 -3.099647e-01 -1.651905e-01 5.517771e-01
9.585255e-02 2.850680e-01 -2.511337e-01 -5.465308e-01
9.585255e-02 2.875577e-01 -2.494240e-01 -5.472764e-01
9.834222e-02 -3.099647e-01 -1.703038e-01 5.503194e-01
9.834222e-02 -3.074751e-01 -1.717476e-01 5.498679e-01
9.834222e-02 2.850680e-01 -2.553852e-01 -5.447784e-01
9.834222e-02 2.875577e-01 -2.536472e-01 -5.455250e-01
1.008319e-01 -3.099647e-01 -1.753995e-01 5.488377e-01
1.008319e-01 -3.074751e-01 -1.768809e-01 5.483775e-01
1.008319e-01 2.825783e-01 -2.613690e-01 -5.422606e-01
1.008319e-01 2.850680e-01 -2.596032e-01 -5.430076e-01
1.033216e-01 -3.099647e-01 -1.804951e-01 5.473558e-01
1.033216e-01 -3.074751e-01 -1.820142e-01 5.468870e-01
1.033216e-01 2.825783e-01 -2.656149e-01 -5.404887e-01
1.033216e-01 2.850680e-01 -2.638212e-01 -5.412368e-01
1.058113e-01 -3.099647e-01 -1.855908e-01 5.458740e-01
1.058113e-01 -3.074751e-01 -1.871475e-01 5.453965e-01
1.058113e-01 2.800886e-01 -2.716823e-01 -5.379676e-01
1.058113e-01 2.825783e-01 -2.698607e-01 -5.387167e-01
1.083009e-01 -3.074751e-01 -1.921782e-01 5.437889e-01
1.083009e-01 -3.049854e-01 -1.937858e-01 5.431919e-01
1.083009e-01 2.800886e-01 -2.757849e-01 -5.361102e-01
1.083009e-01 2.825783e-01 -2.739376e-01 -5.368609e-01
1.107906e-01 -3.074751e-01 -1.971786e-01 5.421474e-01
1.107906e-01 -3.049854e-01 -1.988227e-01 5.415417e-01
1.107906e-01 2.775989e-01 -2.817107e-01 -5.333787e-01
1.107906e-01 2.800886e-01 -2.798371e-01 -5.342286e-01
1.132803e-01 -3.074751e-01 -2.021790e-01 5.405059e-01
1.132803e-01 -3.049854e-01 -2.038596e-01 5.398915e-01
1.132803e-01 2.775989e-01 -2.857883e-01 -5.314962e-01
1.132803e-01 2.800886e-01 -2.838894e-01 -5.323471e-01
1.157700e-01 -3.074751e-01 -2.071794e-01 5.388645e-01
1.157700e-01 -3.049854e-01 -2.088965e-01 5.382413e-01
1.157700e-01 2.751093e-01 -2.917926e-01 -5.286164e-01
1.157700e-01 2.775989e-01 -2.898659e-01 -5.296136e-01
1.182596e-01 -3.049854e-01 -2.138263e-01 5.364880e-01
1.182596e-01 -3.024957e-01 -2.155791e-01 5.358552e-01
1.182596e-01 2.726196e-01 -2.976865e-01 -5.256671e-01
1.182596e-01 2.751093e-01 -2.957361e-01 -5.266645e-01
1.207493e-01 -3.049854e-01 -2.187116e-01 5.346920e-01
1.207493e-01 -3.024957e-01 -2.204994e-01 5.340503e-01
1.207493e-01 2.726196e-01 -3.015865e-01 -5.236858e-01
1.207493e-01 2.751093e-01 -2.996132e-01 -5.246835e-01
1.232390e-01 -3.049854e-01 -2.235968e-01 5.328959e-01
1.232390e-01 -3.024957e-01 -2.254198e-01 5.322455e-01
1.232390e-01 2.701299e-01 -3.074828e-01 -5.207065e-01
1.232390e-01 2.726196e-01 -3.054866e-01 -5.217046e-01
1.257287e-01 -3.024957e-01 -2.303404e-01 5.304406e-01
1.257287e-01 -3.000061e-01 -2.321984e-01 5.297812e-01
1.257287e-01 2.701299e-01 -3.114060e-01 -5.187249e-01
1.257287e-01 2.726196e-01 -3.093868e-01 -5.197232e-01
1.282183e-01 -3.024957e-01 -2.351523e-01 5.285470e-01
1.282183e-01 -3.000061e-01 -2.370442e-01 5.278789e-01
1.282183e-01 2.676402e-01 -3.172224e-01 -5.156088e-01
1.282183e-01 2.701299e-01 -3.151826e-01 -5.166870e-01
1.307080e-01 -3.024957e-01 -2.399034e-01 5.266032e-01
1.307080e-01 -3.000061e-01 -2.418287e-01 5.259262e-01
1.307080e-01 2.676402e-01 -3.209369e-01 -5.135389e-01
1.307080e-01 2.701299e-01 -3.188767e-01 -5.146172e-01
1.331977e-01 -3.000061e-01 -2.466131e-01 5.239736e-01
1.331977e-01 -2.975164e-01 -2.485903e-01 5.231314e-01
1.331977e-01 2.651505e-01 -3.267314e-01 -5.102310e-01
1.331977e-01 2.676402e-01 -3.246515e-01 -5.114690e-01
1.356874e-01 -3.000061e-01 -2.513976e-01 5.220208e-01
1.356874e-01 -2.975164e-01 -2.534080e-01 5.211701e-01
1.356874e-01 2.626609e-01 -3.325672e-01 -5.069251e-01
1.356874e-01 2.651505e-01 -3.304666e-01 -5.081624e-01
1.381771e-01 -2.975164e-01 -2.581176e-01 5.191344e-01
1.381771e-01 -2.950267e-01 -2.601761e-01 5.181401e-01
1.381771e-01 2.626609e-01 -3.361895e-01 -5.048132e-01
1.381771e-01 2.651505e-01 -3.340698e-01 -5.060493e-01
1.406667e-01 -2.975164e-01 -2.627452e-01 5.170419e-01
1.406667e-01 -2.950267e-01 -2.648347e-01 5.160396e-01
1.406667e-01 2.601712e-01 -3.418482e-01 -5.014321e-01
1.406667e-01 2.626609e-01 -3.397104e-01 -5.026672e-01
1.431564e-01 -2.975164e-01 -2.673728e-01 5.149494e-01
1.431564e-01 -2.950267e-01 -2.694933e-01 5.139391e-01
1.431564e-01 2.576815e-01 -3.475406e-01 -4.979915e-01
1.431564e-01 2.601712e-01 -3.453870e-01 -4.992871e-01
1.456461e-01 -2.950267e-01 -2.741520e-01 5.118386e-01
1.456461e-01 -2.925370e-01 -2.763036e-01 5.108203e-01
1.456461e-01 2.576815e-01 -3.510976e-01 -4.958481e-01
1.456461e-01 2.601712e-01 -3.489259e-01 -4.971420e-01
1.481358e-01 -2.950267e-01 -2.787074e-01 5.096773e-01
1.481358e-01 -2.925370e-01 -2.808888e-01 5.086511e-01
1.481358e-01 2.551919e-01 -3.567194e-01 -4.922059e-01
1.481358e-01 2.576815e-01 -3.545367e-01 -4.936703e-01
1.506254e-01 -2.925370e-01 -2.853686e-01 5.064212e-01
1.506254e-01 -2.900473e-01 -2.875788e-01 5.053871e-01
1.506254e-01 2.527022e-01 -3.622542e-01 -4.885346e-01
1.506254e-01 2.551919e-01 -3.600555e-01 -4.899967e-01
1.531151e-01 -2.925370e-01 -2.898484e-01 5.041913e-01
1.531151e-01 -2.900473e-01 -2.920873e-01 5.031495e-01
1.531151e-01 2.502125e-01 -3.678203e-01 -4.848697e-01
1.531151e-01 2.527022e-01 -3.656061e-01 -4.863282e-01
1.556048e-01 -2.900473e-01 -2.965955e-01 5.009120e-01
1.556048e-01 -2.875577e-01 -2.988765e-01 4.997248e-01
1.556048e-01 2.502125e-01 -3.711877e-01 -4.826664e-01
1.556048e-01 2.527022e-01 -3.689578e-01 -4.841220e-01
1.580945e-01 -2.900473e-01 -3.010074e-01 4.986264e-01
1.580945e-01 -2.875577e-01 -3.033157e-01 4.974322e-01
1.580945e-01 2.477228e-01 -3.766946e-01 -4.789405e-01
1.580945e-01 2.502125e-01 -3.744528e-01 -4.804370e-01
1.605841e-01 -2.875577e-01 -3.076238e-01 4.950768e-01
1.605841e-01 -2.850680e-01 -3.099728e-01 4.937202e-01
1.605841e-01 2.452331e-01 -3.820784e-01 -4.750050e-01
1.605841e-01 2.477228e-01 -3.798359e-01 -4.766808e-01
1.630738e-01 -2.875577e-01 -3.119322e-01 4.927214e-01
1.630738e-01 -2.850680e-01 -3.143067e-01 4.913587e-01
1.630738e-01 2.427435e-01 -3.874897e-01 -4.710796e-01
1.630738e-01 2.452331e-01 -3.852336e-01 -4.727501e-01
1.655635e-01 -2.850680e-01 -3.186408e-01 4.889972e-01
1.655635e-01 -2.825783e-01 -3.210409e-01 4.876287e-01
1.655635e-01 2.427435e-01 -3.906585e-01 -4.688296e-01
1.655635e-01 2.452331e-01 -3.883888e-01 -4.704951e-01
1.680532e-01 -2.850680e-01 -3.228871e-01 4.866000e-01
1.680532e-01 -2.825783e-01 -3.253118e-01 4.852257e-01
1.680532e-01 2.402538e-01 -3.960228e-01 -4.649007e-01
1.680532e-01 2.427435e-01 -3.937404e-01 -4.665613e-01
1.705429e-01 -2.825783e-01 -3.294262e-01 4.827603e-01
1.705429e-01 -2.800886e-01 -3.318737e-01 4.813802e-01
1.705429e-01 2.377641e-01 -4.012532e-01 -4.609222e-01
1.705429e-01 2.402538e-01 -3.989624e-01 -4.626049e-01
1.730325e-01 -2.800886e-01 -3.360108e-01 4.789092e-01
1.730325e-01 -2.775989e-01 -3.384884e-01 4.774075e-01
1.730325e-01 2.352744e-01 -4.064854e-01 -4.567624e-01
1.730325e-01 2.377641e-01 -4.042042e-01 -4.586314e-01
1.755222e-01 -2.800886e-01 -3.401479e-01 4.764382e-01
1.755222e-01 -2.775989e-01 -3.426479e-01 4.749316e-01
1.755222e-01 2.327848e-01 -4.117405e-01 -4.526166e-01
1.755222e-01 2.352744e-01 -4.094478e-01 -4.544786e-01
1.780119e-01 -2.775989e-01 -3.467308e-01 4.724310e-01
1.780119e-01 -2.751093e-01 -3.492629e-01 4.707460e-01
1.780119e-01 2.302951e-01 -4.169465e-01 -4.484724e-01
1.780119e-01 2.327848e-01 -4.146430e-01 -4.503275e-01
1.805016e-01 -2.775989e-01 -3.506282e-01 4.698705e-01
1.805016e-01 -2.751093e-01 -3.531792e-01 4.681823e-01
1.805016e-01 2.278054e-01 -4.219966e-01 -4.443004e-01
1.805016e-01 2.302951e-01 -4.196855e-01 -4.461600e-01
1.829912e-01 -2.751093e-01 -3.570955e-01 4.656187e-01
1.829912e-01 -2.726196e-01 -3.596655e-01 4.639275e-01
1.829912e-01 2.278054e-01 -4.247449e-01 -4.419949e-01
1.829912e-01 2.302951e-01 -4.224245e-01 -4.438476e-01
1.854809e-01 -2.726196e-01 -3.636008e-01 4.613608e-01
1.854809e-01 -2.701299e-01 -3.661897e-01 4.596665e-01
1.854809e-01 2.253157e-01 -4.297930e-01 -4.376465e-01
1.854809e-01 2.278054e-01 -4.274932e-01 -4.396893e-01
1.879706e-01 -2.701299e-01 -3.700812e-01 4.570813e-01
1.879706e-01 -2.676403e-01 -3.726906e-01 4.552908e-01
1.879706e-01 2.228261e-01 -4.348050e-01 -4.333083e-01
1.879706e-01 2.253157e-01 -4.324961e-01 -4.353424e-01
1.904603e-01 -2.701299e-01 -3.737566e-01 4.544418e-01
1.904603e-01 -2.676403e-01 -3.763814e-01 4.526497e-01
1.904603e-01 2.203364e-01 -4.396436e-01 -4.289596e-01
1.904603e-01 2.228261e-01 -4.373268e-01 -4.309857e-01
1.929499e-01 -2.676403e-01 -3.800714e-01 4.500089e-01
1.929499e-01 -2.651506e-01 -3.827152e-01 4.480274e-01
1.929499e-01 2.178467e-01 -4.444959e-01 -4.246291e-01
1.929499e-01 2.203364e-01 -4.421722e-01 -4.266461e-01
1.954396e-01 -2.651506e-01 -3.864205e-01 4.453863e-01
1.954396e-01 -2.626609e-01 -3.890793e-01 4.434038e-01
1.954396e-01 2.153570e-01 -4.493254e-01 -4.201193e-01
1.954396e-01 2.178467e-01 -4.470322e-01 -4.223241e-01
1.979293e-01 -2.626609e-01 -3.927542e-01 4.407541e-01
1.979293e-01 -2.601712e-01 -3.954274e-01 4.387718e-01
1.979293e-01 2.128673e-01 -4.541318e-01 -4.156233e-01
1.979293e-01 2.153570e-01 -4.518318e-01 -4.178207e-01
2.004190e-01 -2.626609e-01 -3.961809e-01 4.380587e-01
2.004190e-01 -2.601712e-01 -3.988658e-01 4.360770e-01
2.004190e-01 2.103777e-01 -4.587437e-01 -4.111248e-01
2.004190e-01 2.078880e-01 -4.610495e-01 -4.089378e-01
2.004190e-01 2.128673e-01 -4.564378e-01 -4.133118e-01
2.029087e-01 -2.601712e-01 -4.023042e-01 4.333822e-01
2.029087e-01 -2.576815e-01 -4.049990e-01 4.313308e-01
2.029087e-01 2.053983e-01 -4.656370e-01 -4.042943e-01
2.029087e-01 2.078880e-01 -4.633672e-01 -4.066468e-01
2.029087e-01 2.103777e-01 -4.610555e-01 -4.088235e-01
2.053983e-01 -2.576815e-01 -4.084490e-01 4.286373e-01
2.053983e-01 -2.551919e-01 -4.111491e-01 4.263886e-01
2.053983e-01 2.029087e-01 -4.702332e-01 -3.996590e-01
2.053983e-01 2.053983e-01 -4.679610e-01 -4.020154e-01
2.078880e-01 -2.551919e-01 -4.145841e-01 4.236948e-01
2.078880e-01 -2.527022e-01 -4.172947e-01 4.214492e-01
2.078880e-01 2.004190e-01 -4.748212e-01 -3.950463e-01
2.078880e-01 2.029087e-01 -4.725428e-01 -3.973905e-01
2.103777e-01 -2.527022e-01 -4.204593e-01 4.187240e-01
2.103777e-01 -2.502125e-01 -4.231777e-01 4.164824e-01
2.103777e-01 1.979293e-01 -4.791946e-01 -3.904372e-01
2.103777e-01 2.004190e-01 -4.769118e-01 -3.927698e-01
2.128673e-01 -2.502125e-01 -4.263501e-01 4.137612e-01
2.128673e-01 -2.477228e-01 -4.290723e-01 4.114740e-01
2.128673e-01 1.954396e-01 -4.835334e-01 -3.856950e-01
2.128673e-01 1.979293e-01 -4.812897e-01 -3.881724e-01
2.153570e-01 -2.477228e-01 -4.322523e-01 4.087571e-01
2.153570e-01 -2.452332e-01 -4.349645e-01 4.062681e-01
2.153570e-01 1.929499e-01 -4.878739e-01 -3.809507e-01
2.153570e-01 1.954396e-01 -4.856333e-01 -3.834434e-01
2.178467e-01 -2.452332e-01 -4.381461e-01 4.035572e-01
2.178467e-01 -2.427435e-01 -4.408652e-01 4.010749e-01
2.178467e-01 1.904603e-01 -4.922202e-01 -3.762335e-01
2.178467e-01 1.879706e-01 -4.944660e-01 -3.737540e-01
2.178467e-01 1.929499e-01 -4.899748e-01 -3.787124e-01
2.203364e-01 -2.427435e-01 -4.437397e-01 3.983492e-01
2.203364e-01 -2.402538e-01 -4.464626e-01 3.958741e-01
2.203364e-01 1.854809e-01 -4.985386e-01 -3.689194e-01
2.203364e-01 1.879706e-01 -4.963340e-01 -3.715257e-01
2.203364e-01 1.904603e-01 -4.940852e-01 -3.739923e-01
2.228261e-01 -2.402538e-01 -4.493417e-01 3.931552e-01
2.228261e-01 -2.377641e-01 -4.520643e-01 3.906577e-01
2.228261e-01 1.829912e-01 -5.026066e-01 -3.640725e-01
2.228261e-01 1.854809e-01 -5.004108e-01 -3.667050e-01
2.253157e-01 -2.377641e-01 -4.549464e-01 3.879467e-01
2.253157e-01 -2.352744e-01 -4.576418e-01 3.852452e-01
2.253157e-01 1.805016e-01 -5.066813e-01 -3.592550e-01
2.253157e-01 1.780119e-01 -5.088807e-01 -3.566371e-01
2.253157e-01 1.829912e-01 -5.044819e-01 -3.618729e-01
2.278054e-01 -2.352744e-01 -4.605268e-01 3.825438e-01
2.278054e-01 -2.327848e-01 -4.632252e-01 3.798520e-01
2.278054e-01 1.755222e-01 -5.129230e-01 -3.517384e-01
2.278054e-01 1.780119e-01 -5.107632e-01 -3.544666e-01
2.278054e-01 1.805016e-01 -5.085601e-01 -3.570699e-01
2.302951e-01 -2.327848e-01 -4.658051e-01 3.771541e-01
2.302951e-01 -2.302951e-01 -4.685039e-01 3.744729e-01
2.302951e-01 1.730325e-01 -5.167222e-01 -3.468069e-01
2.302951e-01 1.755222e-01 -5.145776e-01 -3.495712e-01
2.327848e-01 -2.302951e-01 -4.710671e-01 3.717851e-01
2.327848e-01 -2.278054e-01 -4.737636e-01 3.691024e-01
2.327848e-01 -2.253157e-01 -4.764150e-01 3.662046e-01
2.327848e-01 1.705429e-01 -5.205135e-01 -3.419056e-01
2.327848e-01 1.680532e-01 -5.226605e-01 -3.391567e-01
2.327848e-01 1.730325e-01 -5.183665e-01 -3.446545e-01
2.352744e-01 -2.278054e-01 -4.763269e-01 3.664253e-01
2.352744e-01 -2.253157e-01 -4.789779e-01 3.635405e-01
2.352744e-01 -2.228261e-01 -4.816288e-01 3.606554e-01
2.352744e-01 1.655635e-01 -5.264177e-01 -3.341918e-01
2.352744e-01 1.680532e-01 -5.243096e-01 -3.370351e-01
2.352744e-01 1.705429e-01 -5.221602e-01 -3.397686e-01
2.377641e-01 -2.228261e-01 -4.841913e-01 3.580042e-01
2.377641e-01 -2.203364e-01 -4.868420e-01 3.551316e-01
2.377641e-01 1.630738e-01 -5.301571e-01 -3.291976e-01
2.377641e-01 1.605841e-01 -5.322446e-01 -3.263087e-01
2.377641e-01 1.655635e-01 -5.280696e-01 -3.320865e-01
2.402538e-01 -2.203364e-01 -4.891146e-01 3.525000e-01
2.402538e-01 -2.178467e-01 -4.917626e-01 3.496411e-01
2.402538e-01 -2.153570e-01 -4.943521e-01 3.465734e-01
2.402538e-01 1.580945e-01 -5.357772e-01 -3.213567e-01
2.402538e-01 1.605841e-01 -5.336883e-01 -3.242291e-01
2.402538e-01 1.630738e-01 -5.315993e-01 -3.271016e-01
2.427435e-01 -2.178467e-01 -4.939923e-01 3.470239e-01
2.427435e-01 -2.153570e-01 -4.965783e-01 3.439721e-01
2.427435e-01 -2.128674e-01 -4.991634e-01 3.409168e-01
2.427435e-01 1.556048e-01 -5.392436e-01 -3.163382e-01
2.427435e-01 1.531151e-01 -5.412647e-01 -3.133113e-01
2.427435e-01 1.580945e-01 -5.371925e-01 -3.192923e-01
2.452331e-01 -2.128674e-01 -5.013862e-01 3.383314e-01
2.452331e-01 -2.103777e-01 -5.039678e-01 3.352920e-01
2.452331e-01 -2.078880e-01 -5.065494e-01 3.322527e-01
2.452331e-01 1.506254e-01 -5.447062e-01 -3.082718e-01
2.452331e-01 1.531151e-01 -5.426832e-01 -3.112814e-01
2.452331e-01 1.556048e-01 -5.406605e-01 -3.142907e-01
2.477228e-01 -2.103777e-01 -5.061873e-01 3.327227e-01
2.477228e-01 -2.078880e-01 -5.087654e-01 3.296992e-01
2.477228e-01 -2.053983e-01 -5.112793e-01 3.264956e-01
2.477228e-01 1.481358e-01 -5.481514e-01 -3.032674e-01
2.477228e-01 1.456461e-01 -5.501395e-01 -3.001899e-01
2.477228e-01 1.506254e-01 -5.461267e-01 -3.062595e-01
2.502125e-01 -2.053983e-01 -5.132250e-01 3.239762e-01
2.502125e-01 -2.029087e-01 -5.157274e-01 3.207744e-01
2.502125e-01 -2.004190e-01 -5.182298e-01 3.175727e-01
2.502125e-01 1.431564e-01 -5.533205e-01 -2.950661e-01
2.502125e-01 1.406667e-01 -5.552726e-01 -2.919224e-01
2.502125e-01 1.456461e-01 -5.513682e-01 -2.982097e-01
2.502125e-01 1.481358e-01 -5.493796e-01 -3.012694e-01
2.527022e-01 -2.029087e-01 -5.176042e-01 3.182773e-01
2.527022e-01 -2.004190e-01 -5.201007e-01 3.150942e-01
2.527022e-01 -1.979293e-01 -5.225971e-01 3.119110e-01
2.527022e-01 -1.954396e-01 -5.250263e-01 3.085709e-01
2.527022e-01 1.381771e-01 -5.584085e-01 -2.868532e-01
2.527022e-01 1.406667e-01 -5.564560e-01 -2.899784e-01
2.527022e-01 1.431564e-01 -5.545034e-01 -2.931036e-01
2.551919e-01 -1.979293e-01 -5.244626e-01 3.094508e-01
2.551919e-01 -1.954396e-01 -5.268855e-01 3.061309e-01
2.551919e-01 -1.929500e-01 -5.292962e-01 3.027824e-01
2.551919e-01 1.356874e-01 -5.615121e-01 -2.817485e-01
2.551919e-01 1.331977e-01 -5.633873e-01 -2.784745e-01
2.551919e-01 1.381771e-01 -5.595927e-01 -2.849274e-01
2.576815e-01 -1.929500e-01 -5.311486e-01 3.003633e-01
2.576815e-01 -1.904603e-01 -5.335526e-01 2.970359e-01
2.576815e-01 -1.879706e-01 -5.359569e-01 2.937083e-01
2.576815e-01 1.307080e-01 -5.664481e-01 -2.733337e-01
2.576815e-01 1.282183e-01 -5.683241e-01 -2.700796e-01
2.576815e-01 1.331977e-01 -5.645722e-01 -2.765878e-01
2.576815e-01 1.356874e-01 -5.626963e-01 -2.798420e-01
2.601712e-01 -1.904603e-01 -5.351588e-01 2.946587e-01
2.601712e-01 -1.879706e-01 -5.375556e-01 2.913518e-01
2.601712e-01 -1.854809e-01 -5.398839e-01 2.879111e-01
2.601712e-01 -1.829913e-01 -5.421923e-01 2.844318e-01
2.601712e-01 1.257287e-01 -5.711775e-01 -2.649392e-01
2.601712e-01 1.232390e-01 -5.729702e-01 -2.615399e-01
2.601712e-01 1.282183e-01 -5.693321e-01 -2.682326e-01
2.601712e-01 1.307080e-01 -5.674568e-01 -2.714671e-01
2.626609e-01 -1.854809e-01 -5.413898e-01 2.855845e-01
2.626609e-01 -1.829913e-01 -5.436903e-01 2.821279e-01
2.626609e-01 -1.805016e-01 -5.459908e-01 2.786713e-01
2.626609e-01 -1.780119e-01 -5.482914e-01 2.752146e-01
2.626609e-01 1.207493e-01 -5.757060e-01 -2.563562e-01
2.626609e-01 1.182596e-01 -5.774978e-01 -2.529783e-01
2.626609e-01 1.232390e-01 -5.739142e-01 -2.597341e-01
2.626609e-01 1.257287e-01 -5.721222e-01 -2.631123e-01
2.651505e-01 -1.805016e-01 -5.474809e-01 2.763901e-01
2.651505e-01 -1.780119e-01 -5.497733e-01 2.729561e-01
2.651505e-01 -1.755222e-01 -5.519980e-01 2.694084e-01
2.651505e-01 -1.730325e-01 -5.541945e-01 2.658136e-01
2.651505e-01 1.157700e-01 -5.802055e-01 -2.478098e-01
2.651505e-01 1.132803e-01 -5.819079e-01 -2.442898e-01
2.651505e-01 1.182596e-01 -5.784404e-01 -2.512146e-01
2.651505e-01 1.207493e-01 -5.766492e-01 -2.545714e-01
2.676402e-01 -1.755222e-01 -5.534713e-01 2.671739e-01
2.676402e-01 -1.730325e-01 -5.556597e-01 2.636035e-01
2.676402e-01 -1.705429e-01 -5.578480e-01 2.600331e-01
2.676402e-01 -1.680532e-01 -5.600364e-01 2.564628e-01
2.676402e-01 1.107906e-01 -5.845508e-01 -2.390729e-01
2.676402e-01 1.083009e-01 -5.862527e-01 -2.355755e-01
2.676402e-01 1.132803e-01 -5.828488e-01 -2.425702e-01
2.676402e-01 1.157700e-01 -5.811470e-01 -2.460676e-01
2.701299e-01 -1.705429e-01 -5.590932e-01 2.578712e-01
2.701299e-01 -1.680532e-01 -5.612727e-01 2.543252e-01
2.701299e-01 -1.655635e-01 -5.633867e-01 2.506841e-01
2.701299e-01 -1.630738e-01 -5.654636e-01 2.469894e-01
2.701299e-01 -1.605842e-01 -5.675407e-01 2.432938e-01
2.701299e-01 1.058113e-01 -5.887108e-01 -2.303932e-01
2.701299e-01 1.033216e-01 -5.903162e-01 -2.267586e-01
2.701299e-01 1.083009e-01 -5.870316e-01 -2.339045e-01
2.701299e-01 1.107906e-01 -5.853312e-01 -2.373794e-01
2.726196e-01 -1.655635e-01 -5.645100e-01 2.485837e-01
2.726196e-01 -1.630738e-01 -5.665777e-01 2.449149e-01
2.726196e-01 -1.605842e-01 -5.686457e-01 2.412454e-01
2.726196e-01 -1.580945e-01 -5.707134e-01 2.375765e-01
2.726196e-01 -1.556048e-01 -5.727192e-01 2.338268e-01
2.726196e-01 1.008319e-01 -5.926160e-01 -2.215259e-01
2.726196e-01 9.834222e-02 -5.942196e-01 -2.179155e-01
2.726196e-01 1.033216e-01 -5.910124e-01 -2.251363e-01
2.726196e-01 1.058113e-01 -5.894089e-01 -2.287467e-01
2.751093e-01 -1.580945e-01 -5.718094e-01 2.355541e-01
2.751093e-01 -1.556048e-01 -5.738060e-01 2.318311e-01
2.751093e-01 -1.531151e-01 -5.757558e-01 2.280479e-01
2.751093e-01 -1.506255e-01 -5.777057e-01 2.242646e-01
2.751093e-01 -1.481358e-01 -5.796556e-01 2.204813e-01
2.751093e-01 9.585255e-02 -5.964978e-01 -2.127313e-01
2.751093e-01 9.087319e-02 -5.994972e-01 -2.052511e-01
2.751093e-01 9.336287e-02 -5.979975e-01 -2.089912e-01
2.751093e-01 9.834222e-02 -5.949119e-01 -2.163415e-01
2.751093e-01 1.008319e-01 -5.933102e-01 -2.199278e-01
2.775989e-01 -1.531151e-01 -5.768336e-01 2.260797e-01
2.775989e-01 -1.506255e-01 -5.787745e-01 2.223238e-01
2.775989e-01 -1.481358e-01 -5.807153e-01 2.185680e-01
2.775989e-01 -1.456461e-01 -5.825990e-01 2.147455e-01
2.775989e-01 -1.431564e-01 -5.844257e-01 2.108573e-01
2.775989e-01 -1.406667e-01 -5.862525e-01 2.069690e-01
2.775989e-01 8.838352e-02 -6.016823e-01 -2.000393e-01
2.775989e-01 8.589384e-02 -6.031710e-01 -1.963131e-01
2.775989e-01 9.087319e-02 -6.001843e-01 -2.037534e-01
2.775989e-01 9.336287e-02 -5.986862e-01 -2.074676e-01
2.775989e-01 9.585255e-02 -5.971882e-01 -2.111817e-01
2.800886e-01 -1.456461e-01 -5.834683e-01 2.128829e-01
2.800886e-01 -1.431564e-01 -5.852859e-01 2.090233e-01
2.800886e-01 -1.406667e-01 -5.871034e-01 2.051637e-01
2.800886e-01 -1.381771e-01 -5.889210e-01 2.013041e-01
2.800886e-01 -1.356874e-01 -5.906868e-01 1.973911e-01
2.800886e-01 -1.331977e-01 -5.923849e-01 1.934076e-01
2.800886e-01 8.340416e-02 -6.050977e-01 -1.910396e-01
2.800886e-01 7.842481e-02 -6.078705e-01 -1.833721e-01
2.800886e-01 8.091448e-02 -6.064841e-01 -1.872059e-01
2.800886e-01 8.589384e-02 -6.037111e-01 -1.948734e-01
2.800886e-01 8.838352e-02 -6.022251e-01 -1.985736e-01
2.825783e-01 -1.381771e-01 -5.896425e-01 1.995423e-01
2.825783e-01 -1.356874e-01 -5.913992e-01 1.956583e-01
2.825783e-01 -1.331977e-01 -5.930882e-01 1.917047e-01
2.825783e-01 -1.307080e-01 -5.947772e-01 1.877514e-01
2.825783e-01 -1.282184e-01 -5.964663e-01 1.837972e-01
2.825783e-01 -1.257287e-01 -5.981103e-01 1.798028e-01
2.825783e-01 7.593513e-02 -6.096885e-01 -1.782107e-01
2.825783e-01 7.095578e-02 -6.122220e-01 -1.703196e-01
2.825783e-01 7.344545e-02 -6.109552e-01 -1.742652e-01
2.825783e-01 7.842481e-02 -6.083071e-01 -1.820192e-01
2.825783e-01 8.091448e-02 -6.069236e-01 -1.858253e-01
2.825783e-01 8.340416e-02 -6.055401e-01 -1.896314e-01
2.850680e-01 -1.307080e-01 -5.954714e-01 1.860784e-01
2.850680e-01 -1.282184e-01 -5.971515e-01 1.821541e-01
2.850680e-01 -1.257287e-01 -5.987866e-01 1.781900e-01
2.850680e-01 -1.232390e-01 -6.003427e-01 1.741530e-01
2.850680e-01 -1.207493e-01 -6.018988e-01 1.701160e-01
2.850680e-01 -1.182597e-01 -6.034550e-01 1.660790e-01
2.850680e-01 -1.157700e-01 -6.049733e-01 1.620106e-01
2.850680e-01 6.846610e-02 -6.139141e-01 -1.651375e-01
2.850680e-01 6.348675e-02 -6.163248e-01 -1.571807e-01
2.850680e-01 6.597643e-02 -6.151784e-01 -1.612207e-01
2.850680e-01 7.095578e-02 -6.126501e-01 -1.690536e-01
2.850680e-01 7.344545e-02 -6.113861e-01 -1.729696e-01
2.850680e-01 7.593513e-02 -6.101220e-01 -1.768856e-01
2.875577e-01 -1.232390e-01 -6.010106e-01 1.725714e-01
2.875577e-01 -1.207493e-01 -6.025580e-01 1.685655e-01
2.875577e-01 -1.182597e-01 -6.041055e-01 1.645596e-01
2.875577e-01 -1.157700e-01 -6.056151e-01 1.605227e-01
2.875577e-01 -1.132803e-01 -6.070338e-01 1.564110e-01
2.875577e-01 -1.107906e-01 -6.084526e-01 1.522993e-01
2.875577e-01 -1.083009e-01 -6.098713e-01 1.481875e-01
2.875577e-01 -1.058113e-01 -6.112601e-01 1.440531e-01
2.875577e-01 6.099707e-02 -6.178830e-01 -1.519901e-01
2.875577e-01 5.352804e-02 -6.211799e-01 -1.398391e-01
2.875577e-01 5.601772e-02 -6.201580e-01 -1.439596e-01
2.875577e-01 5.850739e-02 -6.190205e-01 -1.479748e-01
2.875577e-01 6.348675e-02 -6.167454e-01 -1.560053e-01
2.875577e-01 6.597643e-02 -6.156015e-01 -1.600139e-01
2.875577e-01 6.846610e-02 -6.143400e-01 -1.639011e-01
2.900473e-01 -1.132803e-01 -6.075180e-01 1.549739e-01
2.900473e-01 -1.107906e-01 -6.089283e-01 1.508943e-01
2.900473e-01 -1.083009e-01 -6.103387e-01 1.468147e-01
2.900473e-01 -1.058113e-01 -6.117194e-01 1.427127e-01
2.900473e-01 -1.033216e-01 -6.129967e-01 1.385360e-01
2.900473e-01 -1.008319e-01 -6.142741e-01 1.343593e-01
2.900473e-01 -9.834224e-02 -6.155515e-01 1.301829e-01
2.900473e-01 -9.585256e-02 -6.168073e-01 1.259925e-01
2.900473e-01 5.103837e-02 -6.224680e-01 -1.346957e-01
2.900473e-01 4.356933e-02 -6.253667e-01 -1.223057e-01
2.900473e-01 4.605901e-02 -6.244751e-01 -1.264932e-01
2.900473e-01 4.854869e-02 -6.234715e-01 -1.305942e-01
2.900473e-01 5.352804e-02 -6.214646e-01 -1.387974e-01
2.900473e-01 5.601772e-02 -6.204454e-01 -1.428850e-01
2.900473e-01 5.850739e-02 -6.193109e-01 -1.468689e-01
2.900473e-01 6.099707e-02 -6.181763e-01 -1.508528e-01
2.925370e-01 -1.033216e-01 -6.133176e-01 1.372440e-01
2.925370e-01 -1.008319e-01 -6.145871e-01 1.331005e-01
2.925370e-01 -9.834224e-02 -6.158566e-01 1.289572e-01
2.925370e-01 -9.585256e-02 -6.171048e-01 1.248002e-01
2.925370e-01 -9.336288e-02 -6.182369e-01 1.205694e-01
2.925370e-01 -9.087320e-02 -6.193689e-01 1.163390e-01
2.925370e-01 -8.838353e-02 -6.205010e-01 1.121087e-01
2.925370e-01 -8.589385e-02 -6.216210e-01 1.078723e-01
2.925370e-01 -8.340418e-02 -6.226112e-01 1.035657e-01
2.925370e-01 -8.091450e-02 -6.236013e-01 9.925902e-02
2.925370e-01 4.107966e-02 -6.263913e-01 -1.172290e-01
2.925370e-01 3.112095e-02 -6.295917e-01 -1.003731e-01
2.925370e-01 3.361063e-02 -6.288730e-01 -1.046399e-01
2.925370e-01 3.610031e-02 -6.281168e-01 -1.088826e-01
2.925370e-01 3.858998e-02 -6.272541e-01 -1.130558e-01
2.925370e-01 4.356933e-02 -6.255285e-01 -1.214022e-01
2.925370e-01 4.605901e-02 -6.246396e-01 -1.255555e-01
2.925370e-01 4.854869e-02 -6.236392e-01 -1.296235e-01
2.925370e-01 5.103837e-02 -6.226389e-01 -1.336921e-01
2.950267e-01 -9.336288e-02 -6.185271e-01 1.194113e-01
2.950267e-01 -9.087320e-02 -6.196518e-01 1.152152e-01
2.950267e-01 -8.838353e-02 -6.207767e-01 1.110191e-01
2.950267e-01 -8.589385e-02 -6.218894e-01 1.068171e-01
2.950267e-01 -8.340418e-02 -6.228728e-01 1.025458e-01
2.950267e-01 -8.091450e-02 -6.238563e-01 9.827457e-02
2.950267e-01 -7.842483e-02 -6.248397e-01 9.400332e-02
2.950267e-01 -7.593515e-02 -6.258206e-01 8.973091e-02
2.950267e-01 -7.344547e-02 -6.266582e-01 8.539379e-02
2.950267e-01 -7.095579e-02 -6.274958e-01 8.105665e-02
2.950267e-01 -6.846612e-02 -6.283333e-01 7.671932e-02
2.950267e-01 -6.597644e-02 -6.291711e-01 7.238166e-02
2.950267e-01 -6.348676e-02 -6.298667e-01 6.799244e-02
2.950267e-01 2.863127e-02 -6.304581e-01 -9.541371e-02
2.950267e-01 1.369321e-02 -6.339719e-01 -6.961844e-02
2.950267e-01 1.618289e-02 -6.334963e-01 -7.396755e-02
2.950267e-01 1.867257e-02 -6.329281e-01 -7.827762e-02
2.950267e-01 2.116225e-02 -6.323601e-01 -8.258769e-02
2.950267e-01 2.365192e-02 -6.317919e-01 -8.689777e-02
2.950267e-01 2.614160e-02 -6.311750e-01 -9.118214e-02
2.950267e-01 3.112095e-02 -6.297412e-01 -9.964481e-02
2.950267e-01 3.361063e-02 -6.290245e-01 -1.038757e-01
2.950267e-01 3.610031e-02 -6.282706e-01 -1.080827e-01
2.950267e-01 3.858998e-02 -6.274105e-01 -1.122213e-01
2.950267e-01 4.107966e-02 -6.265504e-01 -1.163600e-01
2.975163e-01 -7.842483e-02 -6.250880e-01 9.305426e-02
2.975163e-01 -7.593515e-02 -6.260622e-01 8.881725e-02
2.975163e-01 -7.344547e-02 -6.268938e-01 8.451654e-02
2.975163e-01 -7.095579e-02 -6.277253e-01 8.021583e-02
2.975163e-01 -6.846612e-02 -6.285569e-01 7.591494e-02
2.975163e-01 -6.597644e-02 -6.293886e-01 7.161371e-02
2.975163e-01 -6.348676e-02 -6.300789e-01 6.726182e-02
2.975163e-01 -6.099709e-02 -6.307614e-01 6.290686e-02
2.975163e-01 -5.850741e-02 -6.314440e-01 5.855228e-02
2.975163e-01 -5.601773e-02 -6.321266e-01 5.419765e-02
2.975163e-01 -5.352806e-02 -6.326749e-01 4.980673e-02
2.975163e-01 -5.103838e-02 -6.332048e-01 4.541083e-02
2.975163e-01 -4.854870e-02 -6.337346e-01 4.101514e-02
2.975163e-01 -4.605903e-02 -6.342648e-01 3.661992e-02
2.975163e-01 -4.356935e-02 -6.346688e-01 3.220247e-02
2.975163e-01 -4.107967e-02 -6.350433e-01 2.777982e-02
2.975163e-01 -3.859000e-02 -6.354178e-01 2.335717e-02
2.975163e-01 -3.610032e-02 -6.357923e-01 1.893452e-02
2.975163e-01 -3.361064e-02 -6.360499e-01 1.450208e-02
2.975163e-01 -3.112097e-02 -6.362668e-01 1.006549e-02
2.975163e-01 -2.863129e-02 -6.364837e-01 5.628932e-03
2.975163e-01 -2.614161e-02 -6.367008e-01 1.191905e-03
2.975163e-01 -2.365194e-02 -6.368110e-01 -3.243817e-03
2.975163e-01 -2.116226e-02 -6.368693e-01 -7.678895e-03
2.975163e-01 -1.867258e-02 -6.369274e-01 -1.211397e-02
2.975163e-01 -1.618291e-02 -6.369857e-01 -1.654905e-02
2.975163e-01 -1.369323e-02 -6.369479e-01 -2.097383e-02
2.975163e-01 -1.120355e-02 -6.368471e-01 -2.539185e-02
2.975163e-01 -8.713876e-03 -6.367464e-01 -2.980955e-02
2.975163e-01 -6.224199e-03 -6.366458e-01 -3.422687e-02
2.975163e-01 -3.734522e-03 -6.364608e-01 -3.862640e-02
2.975163e-01 -1.244846e-03 -6.362022e-01 -4.301012e-02
2.975163e-01 1.244831e-03 -6.359435e-01 -4.739448e-02
2.975163e-01 3.734508e-03 -6.356850e-01 -5.177851e-02
2.975163e-01 6.224184e-03 -6.353538e-01 -5.614005e-02
2.975163e-01 8.713861e-03 -6.349394e-01 -6.047582e-02
2.975163e-01 1.120354e-02 -6.345250e-01 -6.481200e-02
2.975163e-01 1.369321e-02 -6.341107e-01 -6.914854e-02
2.975163e-01 1.618289e-02 -6.336361e-01 -7.345982e-02
2.975163e-01 1.867257e-02 -6.330693e-01 -7.773265e-02
2.975163e-01 2.116225e-02 -6.325025e-01 -8.200549e-02
2.975163e-01 2.365192e-02 -6.319357e-01 -8.627832e-02
2.975163e-01 2.614160e-02 -6.313204e-01 -9.052585e-02
2.975163e-01 2.863127e-02 -6.306055e-01 -9.472142e-02
3.000060e-01 -6.099709e-02 -6.308514e-01 6.222324e-02
3.000060e-01 -5.850741e-02 -6.315289e-01 5.790566e-02
3.000060e-01 -5.601773e-02 -6.322063e-01 5.358804e-02
3.000060e-01 -5.352806e-02 -6.327502e-01 4.923482e-02
3.000060e-01 -5.103838e-02 -6.332757e-01 4.487672e-02
3.000060e-01 -4.854870e-02 -6.338014e-01 4.051882e-02
3.000060e-01 -4.605903e-02 -6.343272e-01 3.616140e-02
3.000060e-01 -4.356935e-02 -6.347275e-01 3.178224e-02
3.000060e-01 -4.107967e-02 -6.350986e-01 2.739799e-02
3.000060e-01 -3.859000e-02 -6.354697e-01 2.301375e-02
3.000060e-01 -3.610032e-02 -6.358407e-01 1.862951e-02
3.000060e-01 -3.361064e-02 -6.360955e-01 1.423578e-02
3.000060e-01 -3.112097e-02 -6.363098e-01 9.838004e-03
3.000060e-01 -2.863129e-02 -6.365241e-01 5.440261e-03
3.000060e-01 -2.614161e-02 -6.367386e-01 1.042057e-03
3.000060e-01 -2.365194e-02 -6.368468e-01 -3.354728e-03
3.000060e-01 -2.116226e-02 -6.369033e-01 -7.750815e-03
3.000060e-01 -1.867258e-02 -6.369599e-01 -1.214690e-02
3.000060e-01 -1.618291e-02 -6.370164e-01 -1.654298e-02
3.000060e-01 -1.369323e-02 -6.369775e-01 -2.092884e-02
3.000060e-01 -1.120355e-02 -6.368759e-01 -2.530797e-02
3.000060e-01 -8.713876e-03 -6.367744e-01 -2.968678e-02
3.000060e-01 -6.224199e-03 -6.366730e-01 -3.406521e-02
3.000060e-01 -3.734522e-03 -6.364877e-01 -3.842606e-02
3.000060e-01 -1.244846e-03 -6.362291e-01 -4.277129e-02
3.000060e-01 1.244831e-03 -6.359706e-01 -4.711714e-02
3.000060e-01 3.734508e-03 -6.357121e-01 -5.146268e-02
3.000060e-01 6.224184e-03 -6.353814e-01 -5.578603e-02
3.000060e-01 8.713861e-03 -6.349679e-01 -6.008397e-02
3.000060e-01 1.120354e-02 -6.345545e-01 -6.438233e-02
