Note: All positions are measured in the same coordinate 
  frame as the obtained critical curves (i.e., with 
  respect to input image mesh, centred at (0,0) arcsec.
  Galaxy light centre is at (-1.433750e-03 3.934496e-03) arcsec.
  Tangential critical centre is (1.324346e-03 -4.903878e-04) arcsec.
  Time-delay (TDE7) is w.r.t central image (in 1E7 sec).
************************************************
xs ys Nimg ximg_1 yimg_1 mag_1 TDE7_1 ... (Nimg) 
8.77072e-02 4.36768e-03 5 -2.53315e-02 -1.50227e-03 1.14122e-01 0.00000e+00 1.08938e+00 4.87571e-02 5.48108e+00 -4.16049e-01 -8.67791e-01 4.08661e-01 -5.17333e+01 -2.67465e-01 -9.27842e-01 2.13556e-01 4.95405e+01 -2.67594e-01 -6.59232e-01 -6.56442e-01 -1.54540e+01 -2.60472e-01 
3.29189e-02 -3.20271e-02 5 -9.49409e-03 1.04858e-02 1.13421e-01 0.00000e+00 -2.19831e-01 9.34422e-01 -8.02160e+00 -2.64538e-01 -9.20761e-01 -3.74713e-01 1.72299e+01 -3.20330e-01 -2.79872e-01 -9.61151e-01 -1.94995e+01 -3.13462e-01 1.02713e+00 -2.26026e-01 8.69804e+00 -3.63376e-01 
3.31437e-02 -4.76907e-02 5 -1.00091e-02 1.63286e-02 1.13998e-01 0.00000e+00 -1.95967e-01 9.23576e-01 -6.97479e+00 -2.51158e-01 -7.37069e-01 -6.78129e-01 5.34156e+01 -3.27804e-01 -4.42589e-01 -9.08057e-01 -4.75662e+01 -3.27384e-01 9.96885e-01 -3.61214e-01 8.51730e+00 -3.68109e-01 
4.12356e-02 2.25972e-02 5 -1.05373e-02 -9.51377e-03 1.12663e-01 0.00000e+00 1.02536e+00 2.02144e-01 6.69261e+00 -3.71493e-01 -5.10881e-01 8.74453e-01 -1.71730e+01 -3.08987e-01 -9.28864e-01 3.84456e-01 2.28880e+01 -3.12398e-01 -1.91228e-01 -9.27868e-01 -8.61810e+00 -2.63535e-01 
6.32847e-03 -8.50238e-02 5 -2.82912e-03 2.95922e-02 1.15936e-01 0.00000e+00 -1.94854e-02 9.03873e-01 -4.95105e+00 -2.22354e-01 -6.22563e-01 -8.43861e-01 2.31692e+01 -3.72198e-01 4.11378e-01 -9.82484e-01 -6.35079e+01 -3.65805e-01 6.64617e-01 -8.32285e-01 4.41160e+01 -3.66066e-01 
-1.88903e-02 -4.00896e-02 5 6.19923e-03 1.20316e-02 1.13829e-01 0.00000e+00 1.61584e-01 9.26190e-01 -7.72289e+00 -2.58623e-01 -1.00723e+00 -2.76922e-01 8.47343e+00 -3.69506e-01 4.77595e-01 -8.94547e-01 -1.65347e+01 -3.15145e-01 8.93778e-01 -4.81035e-01 1.58489e+01 -3.18860e-01 
5.30122e-02 2.12285e-02 5 -1.41867e-02 -8.69132e-03 1.12835e-01 0.00000e+00 1.04110e+00 1.78438e-01 6.26466e+00 -3.82759e-01 -6.56419e-01 7.59757e-01 -2.99088e+01 -3.01734e-01 -8.61067e-01 5.05418e-01 6.48548e+01 -3.02112e-01 -2.86696e-01 -8.98293e-01 -8.79723e+00 -2.62246e-01 
7.46682e-03 7.65311e-02 5 1.27177e-03 -3.03365e-02 1.13519e-01 0.00000e+00 2.86435e-01 1.01406e+00 8.18795e+01 -3.70731e-01 7.70887e-03 1.06418e+00 -9.27102e+01 -3.70573e-01 -6.34965e-01 8.65541e-01 3.79584e+01 -3.71802e-01 5.50076e-02 -8.99235e-01 -4.84887e+00 -2.19634e-01 
6.71484e-02 -9.20779e-03 5 -1.93691e-02 2.97028e-03 1.13556e-01 0.00000e+00 -5.45396e-01 8.06074e-01 -1.00454e+01 -2.71586e-01 -9.55516e-01 -1.13187e-01 1.98964e+01 -2.85130e-01 -5.93123e-01 -7.48354e-01 -2.10175e+01 -2.80975e-01 1.07346e+00 -3.09935e-02 6.23994e+00 -3.94767e-01 
3.82348e-02 6.40298e-03 5 -1.00550e-02 -3.61121e-03 1.12674e-01 0.00000e+00 1.03942e+00 9.02997e-02 6.92454e+00 -3.66279e-01 -3.79551e-01 9.23121e-01 -1.19433e+01 -2.96475e-01 -9.87740e-01 1.23447e-01 1.20958e+01 -3.11338e-01 -2.02096e-01 -9.42489e-01 -1.03356e+01 -2.78087e-01 
1.53796e-02 3.35985e-02 5 -2.30524e-03 -1.42658e-02 1.12449e-01 0.00000e+00 9.65092e-01 3.34607e-01 8.92469e+00 -3.50157e-01 -1.64275e-01 1.01194e+00 -1.93178e+01 -3.27299e-01 -9.47602e-01 4.09846e-01 1.42274e+01 -3.39060e-01 1.55552e-02 -9.43601e-01 -6.90928e+00 -2.55889e-01 
-2.25180e-02 1.27915e-02 5 8.77673e-03 -7.63209e-03 1.12808e-01 0.00000e+00 9.53522e-01 2.41450e-01 1.13812e+01 -3.10579e-01 4.21531e-01 8.83119e-01 -2.13466e+01 -3.03128e-01 -1.04467e+00 1.35472e-01 7.37775e+00 -3.69646e-01 2.94180e-01 -9.16638e-01 -7.59222e+00 -2.68706e-01 
9.37759e-02 -6.28851e-03 5 -2.75037e-02 2.63075e-03 1.14543e-01 0.00000e+00 -7.63741e-01 5.71710e-01 -2.22043e+01 -2.57994e-01 -9.22196e-01 -1.58931e-01 7.90604e+01 -2.62031e-01 -8.64629e-01 -3.47541e-01 -1.25556e+02 -2.61972e-01 1.09798e+00 -1.54929e-02 5.46357e+00 -4.22209e-01 
1.52724e-02 -9.72337e-02 5 -5.94377e-03 3.44728e-02 1.16721e-01 0.00000e+00 -6.10716e-02 8.90907e-01 -4.63784e+00 -2.12232e-01 -3.36239e-02 -1.07454e+00 4.09516e+02 -3.80194e-01 1.34111e-02 -1.07564e+00 -4.15972e+02 -3.80193e-01 6.56704e-01 -8.57555e-01 3.00731e+01 -3.81608e-01 
1.06941e-02 -3.77578e-02 5 -2.83105e-03 1.19892e-02 1.13489e-01 0.00000e+00 -4.66057e-02 9.51168e-01 -7.15223e+00 -2.62172e-01 -9.57126e-01 -3.41309e-01 1.20605e+01 -3.41655e-01 8.30031e-02 -1.01328e+00 -1.42992e+01 -3.20724e-01 9.82993e-01 -3.28121e-01 1.07963e+01 -3.43958e-01 
7.64647e-03 -9.85201e-03 5 -1.11846e-03 1.55621e-03 1.12733e-01 0.00000e+00 -2.40373e-02 9.79267e-01 -9.32583e+00 -2.87170e-01 -1.01833e+00 -4.96330e-02 8.66392e+00 -3.39379e-01 9.23327e-02 -9.84283e-01 -9.80234e+00 -2.94314e-01 1.01796e+00 -3.17740e-02 9.32011e+00 -3.36252e-01 
7.09927e-03 4.61736e-02 5 5.74759e-04 -1.91278e-02 1.12676e-01 0.00000e+00 8.85663e-01 5.00434e-01 1.70686e+01 -3.47948e-01 -7.92098e-03 1.03469e+00 -2.28840e+01 -3.40200e-01 -9.07703e-01 5.23209e-01 1.42228e+01 -3.51893e-01 6.57107e-02 -9.29462e-01 -5.96949e+00 -2.44782e-01 
3.22703e-03 4.75141e-02 5 1.80072e-03 -1.97260e-02 1.12714e-01 0.00000e+00 8.47600e-01 5.57703e-01 2.51555e+01 -3.45496e-01 8.84452e-02 1.02910e+00 -2.65127e+01 -3.41368e-01 -9.15634e-01 5.16551e-01 1.33444e+01 -3.55851e-01 8.75849e-02 -9.26456e-01 -5.81547e+00 -2.43365e-01 
-2.22395e-02 1.51698e-04 5 8.34289e-03 -2.96156e-03 1.12910e-01 0.00000e+00 9.81506e-01 9.69277e-02 1.12369e+01 -3.08758e-01 3.24637e-01 9.15196e-01 -1.52810e+01 -2.92539e-01 -1.04886e+00 3.91220e-02 7.11322e+00 -3.68281e-01 3.26454e-01 -9.18717e-01 -8.68846e+00 -2.79523e-01 
-1.88563e-02 -2.40728e-02 5 6.63156e-03 6.08453e-03 1.13284e-01 0.00000e+00 1.95019e-01 9.34332e-01 -9.48579e+00 -2.72378e-01 -1.03356e+00 -1.46712e-01 7.54555e+00 -3.66187e-01 3.86153e-01 -9.21543e-01 -1.18745e+01 -3.01440e-01 9.73663e-01 -2.40868e-01 1.63791e+01 -3.13294e-01 
2.85950e-02 3.81700e-02 5 -6.24106e-03 -1.55982e-02 1.12533e-01 0.00000e+00 9.78161e-01 3.37002e-01 8.02546e+00 -3.63683e-01 -4.46247e-01 9.29491e-01 -2.35832e+01 -3.27874e-01 -8.49976e-01 5.78316e-01 2.26001e+01 -3.30112e-01 -7.41511e-02 -9.33537e-01 -7.18453e+00 -2.51667e-01 
1.36214e-02 -3.93181e-02 5 -3.77405e-03 1.26510e-02 1.13536e-01 0.00000e+00 -6.70683e-02 9.48868e-01 -7.12654e+00 -2.60685e-01 -9.42933e-01 -3.71792e-01 1.27941e+01 -3.39628e-01 4.09472e-02 -1.01696e+00 -1.55899e+01 -3.22420e-01 9.83879e-01 -3.35860e-01 1.04167e+01 -3.47172e-01 
1.35037e-02 2.49312e-02 5 -1.96452e-03 -1.11213e-02 1.12438e-01 0.00000e+00 9.83105e-01 2.67047e-01 8.29865e+00 -3.45892e-01 -1.12734e-01 1.00966e+00 -1.58320e+01 -3.19244e-01 -9.83659e-01 2.97728e-01 1.14410e+01 -3.37778e-01 2.90418e-02 -9.52307e-01 -7.35178e+00 -2.63381e-01 
-5.69655e-02 -2.14076e-02 5 1.84877e-02 4.05397e-03 1.14362e-01 0.00000e+00 5.45554e-01 7.52104e-01 -1.14335e+01 -2.61604e-01 -1.07573e+00 -9.71905e-02 5.89868e+00 -4.03764e-01 7.70814e-01 -5.98580e-01 -9.14660e+01 -2.79890e-01 8.23868e-01 -5.21659e-01 1.07732e+02 -2.79899e-01 
-2.68638e-02 2.52013e-02 5 1.04585e-02 -1.23234e-02 1.12909e-01 0.00000e+00 8.77095e-01 4.36875e-01 2.74229e+01 -3.10749e-01 7.04835e-01 6.80001e-01 -4.73997e+01 -3.10371e-01 -1.03775e+00 2.27110e-01 7.50036e+00 -3.76081e-01 2.93046e-01 -9.03179e-01 -6.77458e+00 -2.57119e-01 
-5.07487e-02 -8.92545e-03 5 1.68996e-02 -3.93796e-04 1.13851e-01 0.00000e+00 5.82732e-01 7.39537e-01 -1.41657e+01 -2.73445e-01 -1.07487e+00 -2.09350e-02 6.05770e+00 -3.96748e-01 5.75395e-01 -7.82282e-01 -1.17622e+01 -2.75180e-01 9.62589e-01 -4.45007e-03 1.92591e+01 -2.82810e-01 
8.23103e-03 6.86850e-02 5 8.28577e-04 -2.74101e-02 1.13214e-01 0.00000e+00 5.28070e-01 8.92463e-01 4.87608e+01 -3.63832e-01 -4.64576e-02 1.05674e+00 -5.25441e+01 -3.62607e-01 -7.33284e-01 7.72955e-01 2.12389e+01 -3.65142e-01 5.30654e-02 -9.07288e-01 -5.12089e+00 -2.26083e-01 
-4.94920e-02 -1.40655e-03 5 1.67167e-02 -3.13743e-03 1.13677e-01 0.00000e+00 9.50786e-01 1.29103e-01 1.59229e+01 -2.84382e-01 6.34899e-01 7.02484e-01 -1.63389e+01 -2.79211e-01 -1.07461e+00 2.75269e-02 6.14390e+00 -3.95506e-01 5.25600e-01 -8.09795e-01 -9.79851e+00 -2.70238e-01 
-1.17814e-02 3.57815e-02 5 6.09876e-03 -1.58065e-02 1.12645e-01 0.00000e+00 8.63058e-01 4.98802e-01 2.82960e+01 -3.27650e-01 4.80934e-01 8.78096e-01 -5.59416e+01 -3.26699e-01 -9.98245e-01 3.41025e-01 9.22228e+00 -3.64587e-01 1.84693e-01 -9.23554e-01 -6.13995e+00 -2.51498e-01 
3.71952e-03 -6.85802e-02 5 -1.55643e-03 2.33141e-02 1.14934e-01 0.00000e+00 -4.00951e-03 9.20067e-01 -5.53288e+00 -2.35926e-01 -8.10523e-01 -6.42829e-01 1.60410e+01 -3.62129e-01 3.01598e-01 -1.00377e+00 -2.59463e+01 -3.49249e-01 8.23668e-01 -6.51499e-01 1.51587e+01 -3.52544e-01 
