Note: All positions are measured in the same coordinate 
  frame as the obtained critical curves (i.e., with 
  respect to input image mesh, centred at (0,0) arcsec.
  Galaxy light centre is at (-2.480661e-04 -6.325806e-04) arcsec.
  Tangential critical centre is (-1.981086e-03 -1.259934e-02) arcsec.
  Time-delay (TDE7) is w.r.t central image (in 1E7 sec).
************************************************
xs ys Nimg ximg_1 yimg_1 mag_1 TDE7_1 ... (Nimg) 
-3.33195e-02 2.19096e-02 5 1.67414e-03 -8.74897e-03 3.08947e-02 0.00000e+00 6.62006e-01 2.12642e+00 -8.54492e+00 -1.82082e+00 -2.16210e+00 9.98518e-01 9.16813e+00 -2.11061e+00 -5.81616e-01 -2.02889e+00 -5.53914e+00 -1.54326e+00 2.34196e+00 -2.92419e-01 9.81033e+00 -2.07822e+00 
-2.15162e-02 4.93248e-02 5 -5.87007e-04 -1.45832e-02 3.09987e-02 0.00000e+00 6.46423e-01 2.16611e+00 -9.57918e+00 -1.89291e+00 -2.05412e+00 1.21142e+00 1.04000e+01 -2.11659e+00 -5.88410e-01 -1.99086e+00 -5.12383e+00 -1.47646e+00 2.36988e+00 -2.30607e-02 1.27921e+01 -2.10370e+00 
2.27395e-02 2.36878e-02 5 -6.87010e-03 -1.00788e-02 3.09443e-02 0.00000e+00 1.78313e-01 2.23820e+00 -1.24776e+01 -1.85187e+00 -1.99904e+00 1.18375e+00 1.27814e+01 -1.98640e+00 -8.06540e-01 -1.92672e+00 -5.50360e+00 -1.49745e+00 2.41446e+00 -2.40453e-01 9.37973e+00 -2.22198e+00 
-1.69814e-01 -3.11173e-02 5 2.33646e-02 4.42969e-03 3.11541e-02 0.00000e+00 1.24073e+00 1.70458e+00 -8.40281e+00 -1.56645e+00 -2.47622e+00 4.56156e-01 6.55907e+00 -2.41597e+00 2.66686e-01 -2.16782e+00 -1.29438e+01 -1.70166e+00 2.01585e+00 -9.39586e-01 1.61089e+01 -1.78529e+00 
-6.61983e-02 -9.00456e-02 5 8.57313e-03 1.47453e-02 3.08072e-02 0.00000e+00 6.14800e-01 2.00348e+00 -6.11599e+00 -1.54877e+00 -2.38239e+00 1.87263e-01 7.32151e+00 -2.12263e+00 -6.14564e-01 -2.16022e+00 -7.91173e+00 -1.81860e+00 2.11282e+00 -1.07040e+00 1.01642e+01 -2.08040e+00 
-7.38674e-02 1.19245e-01 5 6.18917e-03 -2.81541e-02 3.15112e-02 0.00000e+00 2.15936e+00 8.49932e-01 1.82615e+01 -2.00426e+00 1.52434e+00 1.73431e+00 -2.01866e+01 -1.99147e+00 -2.00746e+00 1.45751e+00 8.40116e+00 -2.33461e+00 -3.07660e-01 -1.98327e+00 -4.66471e+00 -1.35265e+00 
-1.28530e-02 1.13228e-01 5 -3.01613e-03 -2.79582e-02 3.14797e-02 0.00000e+00 2.31366e+00 5.99902e-01 1.21830e+01 -2.14729e+00 7.68942e-01 2.20178e+00 -1.18408e+01 -2.05197e+00 -1.78166e+00 1.63250e+00 1.05935e+01 -2.19882e+00 -5.33309e-01 -1.92841e+00 -4.40861e+00 -1.33720e+00 
6.87081e-02 2.96462e-02 5 -1.39727e-02 -1.21031e-02 3.10504e-02 0.00000e+00 -3.73183e-01 2.22058e+00 -1.46602e+01 -1.86179e+00 -1.72986e+00 1.48534e+00 1.76564e+01 -1.90181e+00 -9.64872e-01 -1.82223e+00 -5.53115e+00 -1.44150e+00 2.47510e+00 -1.72781e-01 9.11248e+00 -2.34238e+00 
1.83865e-02 6.65996e-02 5 -6.96059e-03 -1.88537e-02 3.11745e-02 0.00000e+00 2.41501e+00 1.35923e-01 1.07001e+01 -2.20857e+00 2.91274e-01 2.27400e+00 -1.50857e+01 -1.95604e+00 -1.82419e+00 1.48910e+00 1.25642e+01 -2.05826e+00 -7.09726e-01 -1.91603e+00 -4.85536e+00 -1.41245e+00 
-1.58121e-01 -8.77083e-02 5 2.25491e-02 1.58637e-02 3.11620e-02 0.00000e+00 9.99673e-01 1.80214e+00 -6.06873e+00 -1.47356e+00 -2.49338e+00 1.65692e-01 6.08112e+00 -2.36636e+00 2.07447e-01 -2.24183e+00 -1.89641e+01 -1.84042e+00 1.71836e+00 -1.48241e+00 2.22297e+01 -1.88411e+00 
-2.25054e-02 -1.10787e-01 5 2.29855e-03 1.82578e-02 3.08641e-02 0.00000e+00 3.56133e-01 2.05563e+00 -6.32967e+00 -1.52618e+00 -2.33631e+00 6.89293e-02 8.14479e+00 -2.00830e+00 -9.33212e-01 -2.04836e+00 -8.91901e+00 -1.82950e+00 2.16918e+00 -1.08910e+00 8.82432e+00 -2.20576e+00 
-8.91214e-02 7.30141e-02 5 9.29574e-03 -1.83274e-02 3.11785e-02 0.00000e+00 2.27242e+00 2.86889e-01 1.60846e+01 -1.93784e+00 1.28417e+00 1.85593e+00 -1.61392e+01 -1.87756e+00 -2.17401e+00 1.17037e+00 7.96386e+00 -2.30269e+00 -2.79008e-01 -2.04461e+00 -5.33809e+00 -1.45744e+00 
-9.22410e-02 8.77401e-02 5 9.52548e-03 -2.13233e-02 3.12919e-02 0.00000e+00 2.23340e+00 5.06763e-01 1.91656e+01 -1.93663e+00 1.42386e+00 1.76543e+00 -1.62770e+01 -1.90193e+00 -2.14717e+00 1.24234e+00 8.06587e+00 -2.32933e+00 -2.55446e-01 -2.03049e+00 -5.19016e+00 -1.42604e+00 
4.14644e-02 -1.68652e-01 5 -6.42851e-03 2.90631e-02 3.11616e-02 0.00000e+00 -1.78311e-02 2.02920e+00 -5.93156e+00 -1.41077e+00 -2.16976e+00 -6.55201e-01 2.09153e+01 -1.86478e+00 -1.71811e+00 -1.46675e+00 -2.18034e+01 -1.85472e+00 2.19285e+00 -1.25990e+00 7.49376e+00 -2.43175e+00 
-3.13660e-02 3.24778e-02 5 1.19719e-03 -1.09514e-02 3.09292e-02 0.00000e+00 6.74889e-01 2.13501e+00 -8.81248e+00 -1.84674e+00 -2.13104e+00 1.07150e+00 9.29984e+00 -2.11804e+00 -5.73671e-01 -2.01812e+00 -5.39139e+00 -1.51907e+00 2.35177e+00 -1.98702e-01 1.14223e+01 -2.08047e+00 
-2.31192e-01 -1.17285e-02 5 3.24228e-02 1.48416e-03 3.14978e-02 0.00000e+00 1.51979e+00 1.41652e+00 -7.71898e+00 -1.50935e+00 -2.54253e+00 5.08418e-01 6.06866e+00 -2.59502e+00 8.84144e-01 -1.95195e+00 -1.61946e+01 -1.62245e+00 1.85365e+00 -1.08168e+00 3.16979e+01 -1.63786e+00 
1.28945e-01 -2.82487e-02 5 -2.21851e-02 -1.27915e-03 3.12391e-02 0.00000e+00 -8.22299e-01 2.00598e+00 -1.55268e+01 -1.68958e+00 -1.73368e+00 1.32249e+00 3.67373e+01 -1.70169e+00 -1.33793e+00 -1.58475e+00 -6.87069e+00 -1.47479e+00 2.51953e+00 -4.80809e-01 5.97924e+00 -2.52705e+00 
-2.17627e-01 2.36393e-02 5 2.97649e-02 -6.02145e-03 3.14852e-02 0.00000e+00 1.64181e+00 1.33398e+00 -1.13937e+01 -1.58514e+00 -2.49025e+00 7.02428e-01 6.45211e+00 -2.58110e+00 6.00473e-01 -2.02085e+00 -1.17880e+01 -1.55682e+00 2.08800e+00 -5.02117e-01 1.35448e+01 -1.63834e+00 
9.04314e-02 -9.63801e-02 5 -1.51004e-02 1.33706e-02 3.09496e-02 0.00000e+00 -3.54520e-01 2.07491e+00 -7.91373e+00 -1.56116e+00 -2.18728e+00 2.45778e-01 1.22566e+01 -1.73459e+00 -1.49144e+00 -1.56296e+00 -9.85307e+00 -1.64966e+00 2.40854e+00 -8.20628e-01 5.99156e+00 -2.47206e+00 
-1.47735e-01 -5.74320e-02 5 2.04386e-02 9.45776e-03 3.10499e-02 0.00000e+00 1.04588e+00 1.81755e+00 -6.97810e+00 -1.54413e+00 -2.46644e+00 3.29723e-01 6.48861e+00 -2.34641e+00 3.96542e-02 -2.21800e+00 -1.27086e+01 -1.76849e+00 1.97294e+00 -1.10633e+00 1.49575e+01 -1.86272e+00 
3.68202e-03 1.18962e-01 5 -5.64229e-03 -2.94336e-02 3.15404e-02 0.00000e+00 2.33085e+00 6.16792e-01 1.13224e+01 -2.19276e+00 6.25739e-01 2.25937e+00 -1.36362e+01 -2.07846e+00 -1.67195e+00 1.72896e+00 1.09252e+01 -2.17853e+00 -5.81157e-01 -1.90258e+00 -4.29876e+00 -1.31555e+00 
1.24937e-01 -1.30005e-01 5 -1.98272e-02 1.97166e-02 3.12818e-02 0.00000e+00 -5.12058e-01 1.99311e+00 -7.00817e+00 -1.47238e+00 -2.15613e+00 -1.19161e-01 1.92075e+01 -1.65192e+00 -1.80965e+00 -1.16243e+00 -1.69181e+01 -1.64000e+00 2.42405e+00 -9.33891e-01 5.93808e+00 -2.59558e+00 
-3.78736e-02 1.20096e-01 5 6.80850e-04 -2.89474e-02 3.15197e-02 0.00000e+00 2.24721e+00 7.29320e-01 1.28581e+01 -2.09096e+00 1.05386e+00 2.07907e+00 -1.71298e+01 -2.04382e+00 -1.86993e+00 1.57591e+00 9.61121e+00 -2.26056e+00 -4.39010e-01 -1.95046e+00 -4.45926e+00 -1.33636e+00 
8.43139e-02 -7.74691e-02 5 -1.44898e-02 9.59574e-03 3.09171e-02 0.00000e+00 -3.37818e-01 2.10062e+00 -8.49416e+00 -1.60587e+00 -2.16757e+00 4.29788e-01 1.31596e+01 -1.75562e+00 -1.38262e+00 -1.64810e+00 -8.69674e+00 -1.62607e+00 2.41909e+00 -7.40305e-01 5.83387e+00 -2.43985e+00 
1.49511e-01 -3.93711e-02 5 -2.51415e-02 6.44653e-04 3.13443e-02 0.00000e+00 -1.04291e+00 1.87599e+00 -3.16635e+01 -1.64629e+00 -1.60149e+00 1.43793e+00 6.34664e+01 -1.64870e+00 -1.43268e+00 -1.48592e+00 -7.39106e+00 -1.46318e+00 2.53972e+00 -5.19613e-01 5.64899e+00 -2.59001e+00 
-7.18664e-03 -1.49276e-01 5 6.33466e-04 2.59071e-02 3.10446e-02 0.00000e+00 2.39201e-01 2.03302e+00 -5.76785e+00 -1.44690e+00 -2.30931e+00 -2.36115e-01 1.26401e+01 -1.97366e+00 -1.22236e+00 -1.92677e+00 -1.43596e+01 -1.89592e+00 2.11237e+00 -1.27303e+00 8.59404e+00 -2.29135e+00 
-9.15676e-02 1.99890e-02 5 1.05581e-02 -7.36353e-03 3.09231e-02 0.00000e+00 1.02162e+00 1.95319e+00 -9.21054e+00 -1.76385e+00 -2.28707e+00 8.63130e-01 8.25272e+00 -2.24934e+00 -3.09475e-01 -2.10349e+00 -6.13535e+00 -1.57634e+00 2.26429e+00 -3.58938e-01 1.00104e+01 -1.93433e+00 
7.83888e-02 -1.13452e-01 5 -1.29754e-02 1.70859e-02 3.09670e-02 0.00000e+00 -2.57561e-01 2.07198e+00 -7.32925e+00 -1.52708e+00 -2.21436e+00 7.38401e-02 1.13833e+01 -1.76053e+00 -1.53039e+00 -1.55805e+00 -1.11044e+01 -1.69833e+00 2.36735e+00 -9.17239e-01 6.46820e+00 -2.45723e+00 
-1.32981e-01 -1.96045e-01 5 2.06566e-02 3.78428e-02 3.17201e-02 0.00000e+00 6.94797e-01 1.83050e+00 -4.31004e+00 -1.28545e+00 -2.42667e+00 -5.18329e-01 1.01059e+01 -2.31859e+00 -2.01707e-01 -2.36916e+00 -1.67097e+01 -2.11482e+00 1.26329e+00 -2.03017e+00 1.88502e+01 -2.13727e+00 
-1.21075e-02 -2.11282e-01 5 2.45075e-03 3.88495e-02 3.14988e-02 0.00000e+00 2.18121e-01 1.96458e+00 -4.83329e+00 -1.31372e+00 -2.10904e+00 -1.02471e+00 3.19662e+01 -2.02908e+00 -1.71470e+00 -1.58996e+00 -3.12657e+01 -2.02603e+00 1.91518e+00 -1.61162e+00 9.49932e+00 -2.37952e+00 
