Note: All positions are measured in the same coordinate 
  frame as the obtained critical curves (i.e., with 
  respect to input image mesh, centred at (0,0) arcsec.
  Galaxy light centre is at (1.615508e-02 6.555441e-02) arcsec.
  Tangential critical centre is (2.950279e-02 1.056184e-01) arcsec.
  Time-delay (TDE7) is w.r.t central image (in 1E7 sec).
************************************************
xs ys Nimg ximg_1 yimg_1 mag_1 TDE7_1 ... (Nimg) 
-1.56418e-02 -3.95328e-01 5 3.03596e-02 1.45929e-01 2.66746e-02 0.00000e+00 -9.76715e-02 1.40254e+00 -2.29702e+00 -6.43219e-01 -1.43344e+00 -6.07517e-01 7.09118e+00 -1.13605e+00 -4.96086e-01 -1.36505e+00 -6.61759e+00 -1.09239e+00 1.70387e+00 -5.66303e-01 4.30538e+00 -1.38193e+00 
-2.08683e-01 -1.47463e-01 5 5.32501e-02 9.35243e-02 2.69018e-02 0.00000e+00 1.45247e+00 7.40237e-01 9.81606e+00 -9.95621e-01 7.68743e-01 1.44093e+00 -7.84110e+00 -9.74609e-01 -1.77275e+00 4.82772e-01 3.68858e+00 -1.46513e+00 3.34680e-01 -1.19788e+00 -3.06351e+00 -7.07458e-01 
1.58662e-01 -2.94136e-01 5 8.29341e-03 1.23668e-01 2.72803e-02 0.00000e+00 -6.77584e-01 1.24792e+00 -4.45507e+00 -7.05780e-01 -1.30463e+00 -3.90439e-01 2.07987e+01 -8.04779e-01 -1.04453e+00 -7.93277e-01 -2.00745e+01 -8.02765e-01 1.97407e+00 -1.30924e-01 3.31165e+00 -1.67628e+00 
-8.66617e-02 3.66312e-02 5 3.75399e-02 5.23759e-02 2.88316e-02 0.00000e+00 1.19254e+00 1.41572e+00 1.14784e+01 -1.37288e+00 2.53974e-01 1.81911e+00 -1.24164e+01 -1.35651e+00 -1.25216e+00 1.33927e+00 7.88446e+00 -1.41026e+00 1.17074e-02 -1.06192e+00 -1.62261e+00 -4.79034e-01 
-9.18067e-04 -3.32955e-01 5 2.83306e-02 1.32485e-01 2.63328e-02 0.00000e+00 -1.63855e-01 1.45181e+00 -2.75259e+00 -7.27692e-01 -1.51800e+00 -3.09069e-01 6.13246e+00 -1.07187e+00 -4.41345e-01 -1.31891e+00 -4.89000e+00 -9.84848e-01 1.77700e+00 -3.26275e-01 4.19235e+00 -1.36981e+00 
-4.75980e-02 -3.93482e-01 5 3.42932e-02 1.45646e-01 2.66071e-02 0.00000e+00 -2.16752e-02 1.41307e+00 -2.31792e+00 -6.49063e-01 -1.50491e+00 -5.33147e-01 5.69560e+00 -1.18680e+00 -3.01995e-01 -1.42728e+00 -6.05756e+00 -1.10440e+00 1.65572e+00 -5.95570e-01 4.65238e+00 -1.32370e+00 
-1.62920e-01 -3.65661e-01 5 4.84056e-02 1.40147e-01 2.66220e-02 0.00000e+00 2.74721e-01 1.41485e+00 -2.51547e+00 -6.76926e-01 -1.70754e+00 -2.95575e-01 4.28885e+00 -1.37631e+00 3.72091e-01 -1.41244e+00 -6.86696e+00 -1.05725e+00 1.47957e+00 -6.66519e-01 7.37190e+00 -1.10953e+00 
-2.10026e-01 -1.81283e-01 5 5.35046e-02 1.00829e-01 2.67001e-02 0.00000e+00 1.54301e+00 4.63533e-01 9.86544e+00 -9.74915e-01 6.70308e-01 1.45659e+00 -5.75410e+00 -9.24164e-01 -1.78880e+00 3.71443e-01 3.59096e+00 -1.45573e+00 3.69702e-01 -1.22275e+00 -3.44936e+00 -7.54822e-01 
-1.52900e-01 -1.79337e-01 5 4.64580e-02 1.00230e-01 2.64899e-02 0.00000e+00 1.62218e+00 3.87996e-01 7.36724e+00 -1.07028e+00 4.05531e-01 1.56855e+00 -4.77644e+00 -9.57123e-01 -1.72211e+00 4.00888e-01 3.98090e+00 -1.34488e+00 1.84684e-01 -1.26047e+00 -3.00258e+00 -7.65732e-01 
7.23428e-02 -2.80435e-01 5 1.90782e-02 1.21027e-01 2.65450e-02 0.00000e+00 -4.37135e-01 1.41716e+00 -3.85914e+00 -7.77466e-01 -1.48079e+00 -5.89113e-02 8.31963e+00 -9.33044e-01 -6.24157e-01 -1.16209e+00 -4.60300e+00 -8.62488e-01 1.88346e+00 -1.05680e-01 3.69272e+00 -1.49400e+00 
1.52240e-01 -2.56444e-01 5 8.98601e-03 1.15602e-01 2.72069e-02 0.00000e+00 -7.60718e-01 1.23714e+00 -6.06249e+00 -7.56424e-01 -1.40417e+00 1.06894e-01 1.14292e+01 -8.04245e-01 -8.27433e-01 -9.60669e-01 -5.58793e+00 -7.67471e-01 1.97298e+00 -1.39169e-02 3.34825e+00 -1.65466e+00 
5.78416e-03 -1.66861e-01 5 2.68863e-02 9.69748e-02 2.65638e-02 0.00000e+00 1.80362e+00 3.29890e-01 4.56388e+00 -1.36145e+00 -3.37969e-01 1.58006e+00 -5.29158e+00 -9.78180e-01 -1.50631e+00 5.82819e-01 6.40987e+00 -1.06575e+00 -2.60671e-01 -1.20993e+00 -2.70336e+00 -7.33932e-01 
1.57630e-02 -3.61400e-01 5 2.63696e-02 1.38524e-01 2.65196e-02 0.00000e+00 -1.91057e-01 1.41716e+00 -2.56438e+00 -6.84250e-01 -1.44171e+00 -4.91245e-01 7.08162e+00 -1.06120e+00 -5.83282e-01 -1.28601e+00 -6.17053e+00 -1.01959e+00 1.77801e+00 -4.18481e-01 4.05483e+00 -1.41725e+00 
-1.60369e-01 -4.02227e-01 5 4.82658e-02 1.48029e-01 2.68779e-02 0.00000e+00 2.47891e-01 1.38497e+00 -2.27731e+00 -6.28006e-01 -1.67348e+00 -4.30573e-01 4.20591e+00 -1.39157e+00 4.14772e-01 -1.44048e+00 -8.70568e+00 -1.12041e+00 1.37032e+00 -8.72879e-01 9.86070e+00 -1.14952e+00 
-9.87358e-02 6.28330e-02 5 3.89688e-02 4.63436e-02 2.93752e-02 0.00000e+00 7.67297e-01 1.70276e+00 5.51371e+01 -1.40221e+00 5.63488e-01 1.77803e+00 -4.76721e+01 -1.40210e+00 -1.22181e+00 1.40481e+00 7.73170e+00 -1.46432e+00 3.25848e-02 -1.03714e+00 -1.53511e+00 -4.48181e-01 
2.95603e-02 -1.45071e-01 5 2.38623e-02 9.21862e-02 2.67672e-02 0.00000e+00 1.81872e+00 4.07555e-01 4.43690e+00 -1.41386e+00 -5.13026e-01 1.54129e+00 -7.21391e+00 -1.00122e+00 -1.42188e+00 7.51918e-01 7.94168e+00 -1.04083e+00 -3.02291e-01 -1.17318e+00 -2.55457e+00 -6.95557e-01 
5.18077e-02 -3.12839e-01 5 2.17524e-02 1.28012e-01 2.64641e-02 0.00000e+00 -3.30688e-01 1.42487e+00 -3.21434e+00 -7.40845e-01 -1.46811e+00 -2.65229e-01 7.51292e+00 -9.76257e-01 -6.23522e-01 -1.20381e+00 -5.23490e+00 -9.22562e-01 1.85001e+00 -2.25401e-01 3.82622e+00 -1.46303e+00 
1.40851e-02 -9.48733e-02 5 2.55482e-02 8.13303e-02 2.71644e-02 0.00000e+00 1.75674e+00 6.24711e-01 4.61575e+00 -1.40753e+00 -5.56404e-01 1.58124e+00 -1.01445e+01 -1.09061e+00 -1.30676e+00 1.02341e+00 1.04460e+01 -1.10748e+00 -2.26462e-01 -1.14775e+00 -2.21562e+00 -6.32614e-01 
-1.09157e-01 -1.78452e-01 5 4.10657e-02 9.98992e-02 2.63638e-02 0.00000e+00 1.67643e+00 3.48742e-01 6.18849e+00 -1.14636e+00 2.08359e-01 1.61069e+00 -4.45718e+00 -9.70978e-01 -1.66979e+00 4.26287e-01 4.37735e+00 -1.26273e+00 5.43576e-02 -1.26817e+00 -2.75755e+00 -7.67883e-01 
-3.07621e-02 -5.91754e-02 5 3.09505e-02 7.36870e-02 2.74389e-02 0.00000e+00 1.63832e+00 8.27204e-01 5.18649e+00 -1.35124e+00 -2.83274e-01 1.70776e+00 -8.11467e+00 -1.17287e+00 -1.34634e+00 1.07129e+00 8.10449e+00 -1.21053e+00 -1.12461e-01 -1.14043e+00 -2.01086e+00 -5.94879e-01 
1.95231e-01 -2.52154e-01 5 3.43998e-03 1.14516e-01 2.77408e-02 0.00000e+00 -9.42881e-01 1.05377e+00 -9.19220e+00 -7.21146e-01 -1.35720e+00 1.64020e-01 1.54936e+01 -7.39563e-01 -9.59250e-01 -8.02783e-01 -8.72631e+00 -7.20703e-01 2.01910e+00 2.50572e-03 3.20287e+00 -1.74617e+00 
-3.20828e-01 -2.07698e-01 5 6.75253e-02 1.06830e-01 2.75945e-02 0.00000e+00 1.40258e+00 5.15609e-01 3.17713e+01 -7.94434e-01 1.11394e+00 1.01586e+00 -1.76052e+01 -7.91519e-01 -1.91779e+00 2.64516e-01 3.11436e+00 -1.67874e+00 7.89009e-01 -1.03425e+00 -5.48383e+00 -7.28699e-01 
1.37125e-01 -2.28748e-01 5 1.07880e-02 1.09720e-01 2.71217e-02 0.00000e+00 -7.96798e-01 1.25161e+00 -7.56980e+00 -8.03284e-01 -1.40303e+00 3.55365e-01 9.90593e+00 -8.31131e-01 -7.06581e-01 -1.02879e+00 -4.16016e+00 -7.46857e-01 1.95804e+00 7.39974e-02 3.45112e+00 -1.62025e+00 
-1.15191e-01 -1.16269e-01 5 4.16040e-02 8.65126e-02 2.67770e-02 0.00000e+00 1.57974e+00 7.06589e-01 6.37211e+00 -1.16530e+00 2.88858e-01 1.65948e+00 -5.66243e+00 -1.07327e+00 -1.62702e+00 6.65970e-01 4.60959e+00 -1.30423e+00 6.82833e-02 -1.20855e+00 -2.36281e+00 -6.78375e-01 
-9.85232e-02 -4.93873e-01 5 4.10367e-02 1.67806e-01 2.77448e-02 0.00000e+00 9.06233e-02 1.31934e+00 -1.81125e+00 -5.17700e-01 -1.41354e+00 -8.71831e-01 6.28808e+00 -1.36330e+00 -5.16380e-02 -1.56734e+00 -8.76785e+00 -1.29686e+00 1.31628e+00 -1.10412e+00 7.24382e+00 -1.35069e+00 
-1.04939e-01 -8.25657e-02 5 4.02287e-02 7.91057e-02 2.71147e-02 0.00000e+00 1.53104e+00 8.60072e-01 6.55842e+00 -1.20781e+00 2.61423e-01 1.69797e+00 -6.47399e+00 -1.13417e+00 -1.56957e+00 8.10869e-01 4.92280e+00 -1.30995e+00 4.31995e-02 -1.17666e+00 -2.15622e+00 -6.32065e-01 
-6.42220e-02 -8.37359e-02 5 3.51910e-02 7.92175e-02 2.71005e-02 0.00000e+00 1.61667e+00 7.74864e-01 5.54093e+00 -1.27426e+00 -1.46457e-02 1.71544e+00 -7.01684e+00 -1.13571e+00 -1.49405e+00 8.72417e-01 5.78088e+00 -1.23970e+00 -4.83134e-02 -1.17308e+00 -2.13001e+00 -6.31592e-01 
-1.37082e-01 -3.16062e-01 5 4.50060e-02 1.29397e-01 2.62998e-02 0.00000e+00 2.32286e-01 1.47248e+00 -2.87578e+00 -7.53479e-01 -1.70678e+00 -1.17111e-01 4.61697e+00 -1.30931e+00 1.81720e-01 -1.39335e+00 -4.66440e+00 -9.81247e-01 1.61088e+00 -3.75517e-01 5.70598e+00 -1.11717e+00 
-2.01519e-01 -3.37335e-01 5 5.30330e-02 1.34221e-01 2.66151e-02 0.00000e+00 3.96737e-01 1.40672e+00 -2.80765e+00 -7.04666e-01 -1.77284e+00 -1.68063e-01 4.10543e+00 -1.44034e+00 5.71371e-01 -1.32214e+00 -7.28056e+00 -9.94049e-01 1.45668e+00 -6.01211e-01 8.24840e+00 -1.02728e+00 
-1.73750e-01 -2.52311e-01 5 4.92723e-02 1.15921e-01 2.63738e-02 0.00000e+00 4.00615e-01 1.49442e+00 -3.67240e+00 -8.36502e-01 -1.76198e+00 1.37837e-01 3.90880e+00 -1.37225e+00 3.03175e-01 -1.31248e+00 -4.12890e+00 -8.71338e-01 1.62138e+00 -6.56450e-02 6.40440e+00 -1.03038e+00 
