Note: All positions are measured in the same coordinate 
  frame as the obtained critical curves (i.e., with 
  respect to input image mesh, centred at (0,0) arcsec.
  Galaxy light centre is at (4.696981e-04 -1.552425e-03) arcsec.
  Tangential critical centre is (-6.911969e-04 7.970575e-03) arcsec.
  Time-delay (TDE7) is w.r.t central image (in 1E7 sec).
************************************************
xs ys Nimg ximg_1 yimg_1 mag_1 TDE7_1 ... (Nimg) 
-8.30114e-02 5.68379e-02 5 6.38847e-02 -5.32882e-02 1.91451e+00 0.00000e+00 -5.31871e-01 4.71199e-01 3.85343e+00 -1.54234e-01 9.39489e-02 -4.30179e-01 -3.25962e+01 -1.78536e-02 2.19345e-01 -3.74606e-01 3.96682e+01 -1.80191e-02 4.12300e-01 -1.23059e-02 -1.64276e+01 -1.53146e-02 
6.90545e-02 -4.26941e-02 5 -7.09703e-02 1.00018e-02 1.54081e+00 0.00000e+00 6.51017e-02 5.17452e-01 -2.19372e+01 -3.78655e-02 -1.41923e-01 4.92786e-01 2.70134e+01 -3.83285e-02 -3.93559e-01 -1.98744e-01 -5.34043e+00 -1.60532e-02 5.26244e-01 -4.06237e-01 4.46491e+00 -1.23355e-01 
-6.86868e-02 3.54114e-02 5 5.54015e-02 -2.82939e-02 1.63492e+00 0.00000e+00 4.19572e-01 1.40899e-01 -8.11221e+00 -1.83263e-02 -5.27453e-01 4.33386e-01 4.21520e+00 -1.33696e-01 -4.65307e-02 -4.79783e-01 -1.28847e+01 -2.69934e-02 2.39817e-01 -4.10280e-01 1.58681e+01 -2.88179e-02 
-5.05208e-02 -6.34946e-02 5 1.06734e-01 1.25508e-01 3.42218e+00 0.00000e+00 2.41313e-01 2.71679e-01 -4.91988e+00 -1.86193e-03 -6.12190e-01 9.27920e-02 5.85578e+00 -9.53680e-02 -3.81578e-01 -4.76566e-01 -8.75784e+00 -8.04408e-02 1.42580e-01 -6.00926e-01 6.92886e+00 -9.08496e-02 
3.69433e-02 -7.72803e-03 5 -4.87642e-02 -2.15285e-02 1.41167e+00 0.00000e+00 3.08122e-01 4.60739e-01 -5.29465e+00 -4.74623e-02 -2.82812e-01 4.92009e-01 7.87552e+00 -6.28754e-02 -3.38331e-01 -3.07124e-01 -4.31542e+00 -1.73107e-02 5.04914e-01 -3.37044e-01 5.88363e+00 -8.95314e-02 
4.63323e-02 -2.66000e-02 5 -5.04913e-02 -5.56917e-04 1.39529e+00 0.00000e+00 2.39994e-01 4.82459e-01 -6.10841e+00 -4.08828e-02 -2.82339e-01 4.60617e-01 9.72835e+00 -5.05608e-02 -3.75800e-01 -2.70365e-01 -4.71424e+00 -1.98758e-02 4.98169e-01 -3.87564e-01 5.07012e+00 -1.02302e-01 
-8.95516e-03 -1.40689e-02 5 7.99597e-03 9.86144e-03 1.30817e+00 0.00000e+00 3.45583e-01 3.61258e-01 -4.08022e+00 -2.71113e-02 -4.60648e-01 3.74186e-01 6.21543e+00 -7.76893e-02 -3.26670e-01 -4.04300e-01 -4.84176e+00 -3.54323e-02 3.74815e-01 -4.34859e-01 6.06932e+00 -6.91547e-02 
-3.67976e-02 1.11982e-02 5 2.80586e-02 -1.03441e-02 1.38481e+00 0.00000e+00 3.99738e-01 2.73240e-01 -4.98396e+00 -2.51175e-02 -4.88654e-01 4.09111e-01 4.98377e+00 -1.03220e-01 -2.22498e-01 -4.58404e-01 -5.31345e+00 -3.24366e-02 3.30500e-01 -4.08720e-01 8.30074e+00 -4.75471e-02 
4.96372e-02 -7.00917e-03 5 -6.50392e-02 -2.95452e-02 1.52856e+00 0.00000e+00 2.77504e-01 4.92575e-01 -6.49387e+00 -5.26609e-02 -2.10598e-01 5.23445e-01 9.58015e+00 -6.06554e-02 -3.34654e-01 -2.81477e-01 -4.29883e+00 -1.32560e-02 5.33319e-01 -3.15148e-01 5.77003e+00 -9.71969e-02 
-1.66992e-02 -3.99885e-02 5 3.13920e-02 5.00767e-02 1.49490e+00 0.00000e+00 2.96823e-01 3.52201e-01 -3.74674e+00 -1.53842e-02 -5.31123e-01 2.47732e-01 6.95895e+00 -7.40522e-02 -3.81945e-01 -4.03059e-01 -5.95428e+00 -5.07436e-02 3.10035e-01 -5.13033e-01 5.29984e+00 -8.06146e-02 
3.38311e-02 5.58795e-02 5 -9.37215e-02 -1.31523e-01 3.17670e+00 0.00000e+00 5.82111e-01 7.65325e-02 1.91880e+01 -8.02928e-02 5.12948e-01 3.11125e-01 -1.48831e+01 -7.94247e-02 -1.89931e-01 6.17229e-01 5.86484e+00 -1.06784e-01 -2.06764e-01 -2.83083e-01 -4.94493e+00 -1.79338e-03 
-2.43851e-02 -2.67592e-02 5 3.31975e-02 3.54831e-02 1.43956e+00 0.00000e+00 3.24190e-01 3.35816e-01 -3.83382e+00 -1.73846e-02 -5.23793e-01 2.94166e-01 6.25139e+00 -8.19732e-02 -3.33843e-01 -4.35888e-01 -5.54512e+00 -4.73586e-02 3.03650e-01 -4.94041e-01 5.88466e+00 -7.05189e-02 
2.85017e-02 -4.38883e-02 5 -2.08748e-02 3.12490e-02 1.34984e+00 0.00000e+00 2.46021e-01 4.38585e-01 -4.61998e+00 -2.71769e-02 -4.13643e-01 3.39160e-01 9.55125e+00 -4.93969e-02 -4.17413e-01 -2.79922e-01 -5.52004e+00 -3.22835e-02 4.32597e-01 -4.60915e-01 4.67128e+00 -1.00877e-01 
-6.87607e-02 2.74894e-02 5 5.96007e-02 -1.67953e-02 1.62771e+00 0.00000e+00 4.06530e-01 1.70588e-01 -6.68826e+00 -1.67637e-02 -5.37897e-01 4.11300e-01 4.31239e+00 -1.29931e-01 -5.15305e-02 -4.91788e-01 -1.42413e+01 -3.09676e-02 2.07314e-01 -4.42067e-01 1.61852e+01 -3.22628e-02 
6.69822e-02 -4.30287e-02 5 -6.81171e-02 1.14931e-02 1.52003e+00 0.00000e+00 9.08926e-02 5.13981e-01 -1.62431e+01 -3.73509e-02 -1.75169e-01 4.81044e-01 2.13456e+01 -3.83598e-02 -3.95989e-01 -2.01981e-01 -5.34757e+00 -1.68582e-02 5.21506e-01 -4.09705e-01 4.46900e+00 -1.22181e-01 
6.60619e-02 -7.14246e-02 5 -5.34653e-02 5.11099e-02 1.59449e+00 0.00000e+00 6.61372e-02 4.73213e-01 -1.13275e+01 -2.30030e-02 -3.42965e-01 3.26040e-01 2.12734e+01 -2.67869e-02 -4.49635e-01 -1.07199e-01 -1.01259e+01 -2.31715e-02 4.86953e-01 -4.83547e-01 3.88888e+00 -1.36322e-01 
-4.35578e-02 3.10031e-02 5 2.63213e-02 -3.45000e-02 1.45735e+00 0.00000e+00 4.37507e-01 2.05319e-01 -7.26151e+00 -2.79295e-02 -4.75671e-01 4.55488e-01 4.52555e+00 -1.16684e-01 -1.69598e-01 -4.52700e-01 -5.68255e+00 -2.47732e-02 3.57417e-01 -3.42912e-01 1.10793e+01 -3.76285e-02 
5.00853e-02 -4.13924e-02 5 -4.78171e-02 1.74997e-02 1.40201e+00 0.00000e+00 1.95585e-01 4.82807e-01 -6.70331e+00 -3.43707e-02 -3.07689e-01 4.19468e-01 1.10240e+01 -4.26495e-02 -4.04566e-01 -2.38508e-01 -5.25142e+00 -2.27060e-02 4.86877e-01 -4.26189e-01 4.61017e+00 -1.11145e-01 
-2.91518e-02 -1.56225e-02 5 3.28183e-02 2.24941e-02 1.40409e+00 0.00000e+00 3.46459e-01 3.21083e-01 -4.00230e+00 -1.94366e-02 -5.14916e-01 3.30572e-01 5.79657e+00 -8.82349e-02 -2.97048e-01 -4.50974e-01 -5.36970e+00 -4.34594e-02 3.05055e-01 -4.74229e-01 6.44328e+00 -6.29427e-02 
2.39164e-02 5.20523e-02 5 -7.24910e-02 -1.11053e-01 2.37871e+00 0.00000e+00 5.70748e-01 2.64516e-02 1.87760e+01 -7.25108e-02 5.06502e-01 2.93664e-01 -1.33438e+01 -7.13267e-02 -2.36972e-01 5.98118e-01 5.49890e+00 -1.05176e-01 -2.16568e-01 -3.10732e-01 -4.33414e+00 -3.91483e-03 
6.29918e-02 2.51723e-02 5 -1.09663e-01 -9.45103e-02 2.65386e+00 0.00000e+00 3.27997e-01 5.15601e-01 -8.54418e+00 -7.79078e-02 -5.26325e-02 6.05058e-01 1.12532e+01 -8.18436e-02 -2.60685e-01 -2.52992e-01 -4.65533e+00 -2.83051e-03 6.02328e-01 -1.49624e-01 7.25489e+00 -1.00500e-01 
6.71956e-02 4.01622e-02 5 -1.43897e-01 -1.42902e-01 5.98947e+00 0.00000e+00 3.68223e-01 5.10257e-01 -9.20059e+00 -9.02597e-02 -3.82524e-03 6.28246e-01 1.10805e+01 -9.41660e-02 -2.14202e-01 -2.20352e-01 -7.66290e+00 -3.11852e-04 6.22584e-01 -5.70147e-02 8.30533e+00 -1.04045e-01 
3.05120e-02 -4.85906e-02 5 -2.09408e-02 3.66308e-02 1.37063e+00 0.00000e+00 2.33244e-01 4.39996e-01 -4.71460e+00 -2.56793e-02 -4.20995e-01 3.20538e-01 1.03897e+01 -4.70290e-02 -4.27770e-01 -2.64668e-01 -5.77143e+00 -3.29666e-02 4.31513e-01 -4.70198e-01 4.53770e+00 -1.04400e-01 
1.20267e-02 5.22553e-02 5 -5.50821e-02 -1.00827e-01 2.06806e+00 0.00000e+00 5.54857e-01 2.96742e-02 2.59713e+01 -6.44873e-02 5.16999e-01 2.34316e-01 -1.87445e+01 -6.40059e-02 -2.82063e-01 5.82647e-01 5.09801e+00 -1.07851e-01 -2.13157e-01 -3.34004e-01 -4.18117e+00 -5.81360e-03 
7.49652e-02 -6.83141e-02 5 -6.64385e-02 4.25909e-02 1.63602e+00 0.00000e+00 -2.94894e-02 4.77680e-01 -2.93587e+01 -2.52843e-02 -2.25476e-01 4.14565e-01 3.49536e+01 -2.56442e-02 -4.33529e-01 -1.08273e-01 -8.88340e+00 -1.89769e-02 5.09323e-01 -4.66573e-01 3.90520e+00 -1.39938e-01 
9.59867e-03 -7.08740e-02 5 1.72567e-02 8.09494e-02 1.69423e+00 0.00000e+00 2.22515e-01 3.85935e-01 -4.05683e+00 -1.18794e-02 -5.35535e-01 1.02059e-01 1.08501e+01 -5.42481e-02 -4.87511e-01 -2.40450e-01 -8.64169e+00 -5.07996e-02 3.50108e-01 -5.44944e-01 4.25150e+00 -1.09151e-01 
1.57680e-02 -8.81965e-03 5 -2.31276e-02 -9.27863e-03 1.31147e+00 0.00000e+00 3.38192e-01 4.11800e-01 -4.49595e+00 -3.86708e-02 -3.72302e-01 4.42464e-01 6.59412e+00 -6.90306e-02 -3.35900e-01 -3.51373e-01 -4.44334e+00 -2.45957e-02 4.52680e-01 -3.75423e-01 6.06040e+00 -7.81369e-02 
5.75943e-02 3.14150e-02 5 -1.06946e-01 -1.01971e-01 2.72887e+00 0.00000e+00 3.69141e-01 4.88554e-01 -7.59710e+00 -7.92912e-02 -8.82296e-02 6.07953e-01 9.22425e+00 -8.63837e-02 -2.50641e-01 -2.60311e-01 -4.66683e+00 -2.62129e-03 6.00987e-01 -1.20136e-01 7.98589e+00 -9.61097e-02 
2.21196e-02 -8.34183e-03 5 -3.07684e-02 -1.30762e-02 1.33207e+00 0.00000e+00 3.31499e-01 4.26002e-01 -4.66065e+00 -4.13779e-02 -3.47838e-01 4.57397e-01 6.84715e+00 -6.69808e-02 -3.37484e-01 -3.37972e-01 -4.39044e+00 -2.22913e-02 4.69323e-01 -3.63107e-01 6.01659e+00 -8.13017e-02 
-1.46107e-03 -5.36737e-02 5 2.04960e-02 6.11244e-02 1.52389e+00 0.00000e+00 2.63249e-01 3.77434e-01 -3.82405e+00 -1.49990e-02 -5.25474e-01 2.02370e-01 8.46650e+00 -6.24053e-02 -4.36336e-01 -3.33208e-01 -6.58640e+00 -4.98548e-02 3.39098e-01 -5.22568e-01 4.70344e+00 -9.40229e-02 
