Note: All positions are measured in the same coordinate 
  frame as the obtained critical curves (i.e., with 
  respect to input image mesh, centred at (0,0) arcsec.
  Galaxy light centre is at (-4.164080e-03 -1.445241e-02) arcsec.
  Tangential critical centre is (-2.396315e-02 -5.542985e-02) arcsec.
  Time-delay (TDE7) is w.r.t central image (in 1E7 sec).
************************************************
xs ys Nimg ximg_1 yimg_1 mag_1 TDE7_1 ... (Nimg) 
4.09390e-03 6.92244e-02 5 -5.11843e-02 -1.51616e-01 1.38619e+00 0.00000e+00 6.84781e-01 7.43139e-01 1.30732e+01 -2.69997e-01 -3.46381e-03 1.04453e+00 -2.01639e+01 -2.58492e-01 -2.95599e-01 9.76205e-01 1.94143e+01 -2.59583e-01 -2.18084e-01 -8.03810e-01 -5.75034e+00 -3.57647e-02 
-3.70252e-02 -7.32329e-03 5 -7.49130e-03 -3.79753e-02 6.39074e-01 0.00000e+00 8.36495e-01 2.03817e-01 1.37577e+01 -1.85193e-01 2.31739e-01 9.13768e-01 -7.51161e+00 -1.61595e-01 -8.31432e-01 4.27845e-01 1.03137e+01 -2.17134e-01 -7.48352e-02 -9.36201e-01 -9.37924e+00 -1.06951e-01 
2.83585e-02 -7.24825e-02 5 -3.87760e-02 2.08920e-02 5.98503e-01 0.00000e+00 -4.88761e-02 8.30978e-01 -7.10331e+00 -1.05636e-01 -8.63266e-01 -4.08240e-02 2.61642e+01 -1.40912e-01 -7.88387e-01 -5.27100e-01 -2.08135e+01 -1.38257e-01 9.11046e-01 -3.11742e-01 8.89346e+00 -2.55236e-01 
-4.43333e-02 -2.68858e-02 5 -7.24881e-04 -1.64153e-02 5.95206e-01 0.00000e+00 8.43055e-01 2.53434e-03 1.42181e+01 -1.75696e-01 2.32077e-01 8.81142e-01 -6.64887e+00 -1.40167e-01 -8.98756e-01 2.75820e-01 9.90181e+00 -2.15934e-01 -6.28562e-03 -9.57145e-01 -1.15778e+01 -1.26711e-01 
-5.08526e-03 5.28302e-02 5 -3.90619e-02 -1.20090e-01 1.04174e+00 0.00000e+00 7.16656e-01 6.66154e-01 1.37387e+01 -2.47679e-01 1.02800e-01 1.02382e+00 -1.22455e+01 -2.36725e-01 -4.48405e-01 8.81203e-01 1.16417e+01 -2.44023e-01 -2.03996e-01 -8.36415e-01 -6.09662e+00 -4.95472e-02 
3.28337e-02 -6.65009e-02 5 -4.22705e-02 1.43389e-02 6.09701e-01 0.00000e+00 -7.30114e-02 8.36681e-01 -7.84392e+00 -1.10834e-01 -8.41006e-01 7.50152e-02 2.27172e+01 -1.36998e-01 -7.59465e-01 -5.66878e-01 -1.61602e+01 -1.31058e-01 9.24402e-01 -2.68970e-01 8.54564e+00 -2.57887e-01 
-1.80000e-02 -5.66554e-02 5 -1.28233e-02 1.05645e-02 5.70438e-01 0.00000e+00 1.13668e-01 8.61516e-01 -5.64081e+00 -1.16935e-01 -9.08966e-01 8.32791e-02 1.30814e+01 -1.84292e-01 -3.21277e-01 -9.63958e-01 -1.86976e+01 -1.54126e-01 8.56845e-01 -2.57102e-01 1.13940e+01 -2.04508e-01 
2.25216e-02 1.87811e-03 5 -4.63471e-02 -5.78116e-02 7.50478e-01 0.00000e+00 9.14830e-01 2.07474e-01 9.15055e+00 -2.45787e-01 -1.03571e-01 9.38029e-01 -1.42495e+01 -1.78565e-01 -4.67488e-01 7.78328e-01 1.98460e+01 -1.81010e-01 -4.15461e-01 -8.25928e-01 -8.55611e+00 -8.34169e-02 
-4.84903e-02 -4.97611e-02 5 4.25217e-03 7.08842e-03 5.64161e-01 0.00000e+00 2.15087e-01 8.46309e-01 -5.89641e+00 -1.17702e-01 -9.46983e-01 9.74464e-02 1.03998e+01 -2.15347e-01 7.18126e-02 -9.74636e-01 -1.48567e+01 -1.50399e-01 8.17397e-01 -2.42575e-01 1.44435e+01 -1.74845e-01 
-2.58723e-02 -3.91656e-02 5 -1.02005e-02 -6.03488e-03 5.85983e-01 0.00000e+00 1.50886e-01 8.84683e-01 -5.94760e+00 -1.32186e-01 -8.88173e-01 2.23551e-01 1.14911e+01 -1.94738e-01 -1.84335e-01 -9.71423e-01 -1.34087e+01 -1.37712e-01 8.63240e-01 -1.14653e-01 1.19831e+01 -1.93476e-01 
1.69687e-02 -3.16278e-02 5 -3.71601e-02 -1.94540e-02 6.40585e-01 0.00000e+00 9.22177e-01 -3.73930e-02 9.92188e+00 -2.35444e-01 -2.51918e-02 9.01848e-01 -7.97940e+00 -1.43894e-01 -7.36457e-01 4.41638e-01 1.81081e+01 -1.60443e-01 -5.13425e-01 -8.18961e-01 -1.17594e+01 -1.14481e-01 
-1.14570e-01 -3.28721e-02 5 4.13298e-02 -3.10010e-03 5.92229e-01 0.00000e+00 4.91042e-01 6.49481e-01 -1.71595e+01 -1.09235e-01 -1.02563e+00 1.33108e-01 7.15976e+00 -2.89509e-01 4.91014e-01 -6.81295e-01 -2.59798e+01 -1.14347e-01 7.42099e-01 -1.48090e-01 3.55419e+01 -1.17079e-01 
-7.24063e-02 4.94915e-03 5 1.23096e-02 -4.70773e-02 6.55870e-01 0.00000e+00 6.53207e-01 5.69623e-01 5.60418e+01 -1.60686e-01 5.15101e-01 7.40682e-01 -4.32530e+01 -1.60441e-01 -8.90782e-01 4.12731e-01 8.14768e+00 -2.56318e-01 1.35892e-01 -8.80081e-01 -7.95654e+00 -9.40294e-02 
-2.15531e-02 -7.44995e-02 5 -8.81155e-03 2.84421e-02 5.55947e-01 0.00000e+00 1.15455e-01 8.28601e-01 -5.36214e+00 -1.00502e-01 -9.33004e-01 -1.13422e-01 1.57800e+01 -1.88373e-01 -3.63599e-01 -9.74499e-01 -2.99863e+01 -1.74455e-01 8.11365e-01 -4.22461e-01 1.44987e+01 -2.08112e-01 
3.56909e-02 -7.15763e-02 5 -4.34093e-02 1.90908e-02 6.08761e-01 0.00000e+00 -8.07519e-02 8.26090e-01 -7.86011e+00 -1.06241e-01 -8.49827e-01 -7.74763e-03 2.72694e+01 -1.34399e-01 -7.92713e-01 -4.93688e-01 -2.00644e+01 -1.31790e-01 9.23645e-01 -2.97757e-01 8.50482e+00 -2.62505e-01 
5.57988e-04 5.94481e-02 5 -4.50844e-02 -1.32552e-01 1.16295e+00 0.00000e+00 7.12196e-01 6.90369e-01 1.30556e+01 -2.58058e-01 4.76980e-02 1.03406e+00 -1.44376e+01 -2.45723e-01 -3.78162e-01 9.26845e-01 1.39845e+01 -2.49131e-01 -2.17218e-01 -8.21423e-01 -5.94520e+00 -4.34923e-02 
-6.81335e-02 -2.51763e-02 5 1.31124e-02 -1.55067e-02 5.91620e-01 0.00000e+00 8.11829e-01 2.78990e-02 1.77833e+01 -1.54639e-01 3.28146e-01 8.33732e-01 -8.24317e+00 -1.34764e-01 -9.41390e-01 2.41427e-01 8.68288e+00 -2.40296e-01 1.79100e-01 -9.08890e-01 -1.01060e+01 -1.22836e-01 
1.80853e-02 -2.39219e-02 5 -3.90173e-02 -2.78709e-02 6.59255e-01 0.00000e+00 9.23439e-01 2.16580e-02 9.87368e+00 -2.36730e-01 -3.69353e-02 9.12055e-01 -8.65821e+00 -1.51653e-01 -6.83800e-01 5.28615e-01 2.00568e+01 -1.63857e-01 -4.85308e-01 -8.25905e-01 -1.08734e+01 -1.07261e-01 
1.50524e-02 -2.93702e-02 5 -3.62939e-02 -2.15668e-02 6.42548e-01 0.00000e+00 9.19853e-01 -2.01418e-02 1.00320e+01 -2.33433e-01 -1.67428e-02 9.06357e-01 -7.87555e+00 -1.46112e-01 -7.33056e-01 4.54282e-01 1.78211e+01 -1.63023e-01 -4.92102e-01 -8.31611e-01 -1.16756e+01 -1.13471e-01 
-2.34093e-02 -6.79519e-02 5 -8.42085e-03 2.22607e-02 5.58765e-01 0.00000e+00 1.24309e-01 8.39272e-01 -5.43414e+00 -1.05989e-01 -9.31594e-01 -3.92478e-02 1.40406e+01 -1.89532e-01 -2.89183e-01 -9.88812e-01 -2.34202e+01 -1.67967e-01 8.25371e-01 -3.65776e-01 1.35785e+01 -2.03493e-01 
-5.88059e-02 -3.96011e-02 5 9.18612e-03 -1.91483e-03 5.73176e-01 0.00000e+00 2.63189e-01 8.43624e-01 -6.54744e+00 -1.24344e-01 -9.48746e-01 1.58874e-01 9.47852e+00 -2.27350e-01 1.47283e-01 -9.41203e-01 -1.21860e+01 -1.38649e-01 8.16846e-01 -1.48169e-01 1.52033e+01 -1.63591e-01 
4.43717e-02 -7.81160e-02 5 -4.80224e-02 2.46013e-02 6.15582e-01 0.00000e+00 -1.12601e-01 8.06114e-01 -8.48169e+00 -1.00149e-01 -8.42876e-01 -2.41539e-01 6.75043e+03 -1.27607e-01 -8.42599e-01 -2.44614e-01 -2.41723e+03 -1.27606e-01 9.30143e-01 -3.28026e-01 8.27304e+00 -2.74006e-01 
-1.64104e-02 2.60082e-02 5 -2.54589e-02 -8.00077e-02 7.87801e-01 0.00000e+00 7.88341e-01 4.82674e-01 1.46727e+01 -2.18403e-01 1.65200e-01 9.80158e-01 -9.19486e+00 -2.02715e-01 -6.19236e-01 7.20143e-01 1.18598e+01 -2.23957e-01 -1.81184e-01 -8.82722e-01 -7.08111e+00 -7.35855e-02 
-1.56680e-02 -8.85560e-02 5 -1.07911e-02 4.14653e-02 5.53713e-01 0.00000e+00 9.30604e-02 8.04897e-01 -5.25340e+00 -8.93707e-02 -9.07319e-01 -3.46228e-01 3.25977e+01 -1.86369e-01 -7.18162e-01 -7.43653e-01 -4.62867e+01 -1.85238e-01 7.79048e-01 -5.34419e-01 1.47024e+01 -2.21071e-01 
-9.06448e-03 2.63430e-02 5 -3.03058e-02 -8.18268e-02 8.03735e-01 0.00000e+00 8.08491e-01 4.59333e-01 1.34988e+01 -2.25174e-01 1.16727e-01 9.87324e-01 -9.13486e+00 -2.04441e-01 -5.76572e-01 7.52712e-01 1.21609e+01 -2.19729e-01 -2.16010e-01 -8.74794e-01 -7.09242e+00 -7.19423e-02 
-1.27924e-02 -8.19157e-02 5 -1.31434e-02 3.47361e-02 5.56942e-01 0.00000e+00 8.77771e-02 8.18651e-01 -5.35865e+00 -9.52454e-02 -9.19438e-01 -2.21045e-01 2.16095e+01 -1.81291e-01 -6.49090e-01 -8.04676e-01 -3.53135e+01 -1.77299e-01 8.10761e-01 -4.64064e-01 1.39476e+01 -2.19728e-01 
-1.19201e-01 -3.70421e-02 5 4.44900e-02 1.50757e-03 5.90268e-01 0.00000e+00 4.85771e-01 6.41083e-01 -1.59210e+01 -1.04086e-01 -1.03606e+00 1.04955e-01 7.07280e+00 -2.94336e-01 6.16314e-01 -5.02261e-01 -1.52120e+02 -1.14626e-01 6.87617e-01 -3.44769e-01 1.40632e+02 -1.14671e-01 
5.67469e-02 -4.73610e-02 5 -6.02634e-02 -8.84214e-03 6.78791e-01 0.00000e+00 -3.10771e-01 7.77885e-01 -3.97479e+01 -1.24963e-01 -5.23862e-01 6.21988e-01 7.96770e+01 -1.25299e-01 -7.02583e-01 -5.86053e-01 -1.00371e+01 -1.01452e-01 9.70309e-01 -1.35089e-01 8.13579e+00 -2.79501e-01 
-1.58512e-02 7.16913e-02 5 -3.68600e-02 -1.49255e-01 1.30177e+00 0.00000e+00 5.02983e-01 8.97197e-01 3.11294e+01 -2.58421e-01 2.73974e-01 1.01481e+00 -2.71302e+01 -2.57903e-01 -4.54260e-01 9.09016e-01 9.91580e+00 -2.69818e-01 -1.51230e-01 -8.16994e-01 -5.61585e+00 -3.70197e-02 
-4.85921e-02 -2.07556e-02 5 1.08198e-03 -2.22667e-02 6.04125e-01 0.00000e+00 8.35320e-01 7.27086e-02 1.47836e+01 -1.72213e-01 2.59140e-01 8.80474e-01 -7.18617e+00 -1.45008e-01 -8.94291e-01 3.08699e-01 9.53381e+00 -2.22128e-01 2.28828e-02 -9.45144e-01 -1.07831e+01 -1.20500e-01 
