Note: All positions are measured in the same coordinate 
  frame as the obtained critical curves (i.e., with 
  respect to input image mesh, centred at (0,0) arcsec.
  Galaxy light centre is at (-7.069515e-03 -1.885248e-03) arcsec.
  Tangential critical centre is (8.571448e-03 -3.409461e-02) arcsec.
  Time-delay (TDE7) is w.r.t central image (in 1E7 sec).
************************************************
xs ys Nimg ximg_1 yimg_1 mag_1 TDE7_1 ... (Nimg) 
-1.41312e+00 4.67566e-03 5 -1.25219e-02 1.76737e-02 2.67955e-02 0.00000e+00 1.83228e+00 1.48356e+00 1.41675e+01 -1.96555e+00 -5.75803e-01 2.14334e+00 -1.17693e+01 -1.84416e+00 -2.33386e+00 -1.59072e+00 5.21929e+00 -2.84799e+00 1.88525e+00 -1.23710e+00 -6.47856e+00 -1.70802e+00 
-1.07840e+00 2.32329e-01 5 -6.79376e-02 -4.84131e-03 2.72539e-02 0.00000e+00 2.44922e+00 1.54777e+00 5.66304e+00 -3.12901e+00 -2.20667e+00 5.38923e-01 -9.12905e+00 -1.62376e+00 -1.69655e+00 -1.53478e+00 1.60786e+01 -1.74103e+00 3.05078e-02 -2.11423e+00 -1.07393e+01 -1.67831e+00 
-1.13589e+00 7.13589e-03 5 -6.46258e-02 2.66072e-02 2.70538e-02 0.00000e+00 2.67856e+00 7.40387e-01 6.84265e+00 -2.68155e+00 -1.61356e+00 1.40123e+00 -4.33127e+00 -1.48578e+00 -1.21794e+00 -2.17401e+00 1.07562e+01 -2.29149e+00 9.79884e-01 -2.15089e+00 -1.08140e+01 -2.17903e+00 
-9.83938e-01 -3.55279e-01 5 -1.08672e-01 8.89778e-02 3.24672e-02 0.00000e+00 -1.09916e+00 1.26593e+00 -2.13797e+00 -7.70180e-01 1.31223e+00 -2.48757e+00 4.55143e+01 -3.31403e+00 1.57765e+00 -2.35035e+00 -5.43800e+01 -3.31366e+00 2.38664e+00 -1.70193e+00 3.04728e+01 -3.31831e+00 
-1.41394e+00 2.09659e-01 5 -5.54924e-03 -1.26097e-02 2.68705e-02 0.00000e+00 8.36330e-01 2.33045e+00 1.33210e+01 -2.40187e+00 -1.36918e+00 2.07744e+00 -2.19864e+01 -2.32240e+00 -2.64188e+00 -7.27931e-01 7.76067e+00 -2.58156e+00 1.36248e+00 -1.50297e+00 -3.65174e+00 -1.39283e+00 
-1.14327e+00 1.24432e-03 5 -6.34298e-02 2.72269e-02 2.70414e-02 0.00000e+00 2.67278e+00 7.21274e-01 6.95206e+00 -2.65549e+00 -1.58986e+00 1.42628e+00 -4.25685e+00 -1.48956e+00 -1.25647e+00 -2.16756e+00 1.04223e+01 -2.31512e+00 1.05844e+00 -2.12088e+00 -1.02241e+01 -2.18446e+00 
-1.49434e+00 -5.38095e-02 5 1.02210e-03 2.37375e-02 2.74614e-02 0.00000e+00 1.48097e+00 1.63307e+00 3.78182e+01 -1.72053e+00 4.94204e-01 2.09358e+00 -2.74056e+01 -1.71302e+00 -2.44103e+00 -1.65291e+00 4.52890e+00 -3.16048e+00 2.09173e+00 -7.93521e-01 -8.54458e+00 -1.59759e+00 
-1.26719e+00 7.78954e-02 5 -3.74886e-02 1.16936e-02 2.64526e-02 0.00000e+00 2.21413e+00 1.35495e+00 8.30136e+00 -2.40156e+00 -1.56835e+00 1.66515e+00 -6.09047e+00 -1.82195e+00 -2.05255e+00 -1.61065e+00 7.40983e+00 -2.37763e+00 1.37163e+00 -1.77999e+00 -5.51185e+00 -1.84827e+00 
-1.32341e+00 -2.53937e-02 5 -3.03739e-02 2.50817e-02 2.67589e-02 0.00000e+00 2.34244e+00 9.04047e-01 1.29198e+01 -2.13335e+00 -1.03730e+00 1.91722e+00 -6.38620e+00 -1.69865e+00 -2.02673e+00 -1.83543e+00 6.38228e+00 -2.69340e+00 1.82317e+00 -1.46780e+00 -7.42042e+00 -1.93430e+00 
-1.29876e+00 1.56782e-01 5 -2.89543e-02 -9.61836e-04 2.65096e-02 0.00000e+00 1.86114e+00 1.77808e+00 8.90394e+00 -2.46378e+00 -1.75329e+00 1.62832e+00 -7.81044e+00 -2.01756e+00 -2.31329e+00 -1.21723e+00 7.68288e+00 -2.32935e+00 1.25737e+00 -1.73669e+00 -4.74838e+00 -1.65167e+00 
-1.38059e+00 1.08037e-01 5 -1.52499e-02 3.49511e-03 2.65679e-02 0.00000e+00 1.57105e+00 1.86708e+00 1.19707e+01 -2.21276e+00 -1.13011e+00 2.06061e+00 -1.06500e+01 -2.04906e+00 -2.41558e+00 -1.28234e+00 6.33096e+00 -2.60178e+00 1.53871e+00 -1.51348e+00 -4.51291e+00 -1.61067e+00 
-1.52152e+00 -1.25625e-01 5 3.92369e-03 3.35768e-02 2.79679e-02 0.00000e+00 2.24015e+00 1.41157e-01 -8.15775e+01 -1.57100e+00 2.19438e+00 4.35267e-01 1.11865e+02 -1.57126e+00 6.31028e-01 1.96503e+00 -1.97247e+01 -1.54106e+00 -2.41398e+00 -1.81227e+00 4.41776e+00 -3.36880e+00 
-1.09930e+00 2.94870e-01 5 -6.19129e-02 -1.48364e-02 2.73190e-02 0.00000e+00 2.27778e+00 1.78592e+00 6.11321e+00 -3.18800e+00 -2.32491e+00 -7.18877e-03 -2.12630e+01 -1.69550e+00 -2.18127e+00 -7.97545e-01 2.67363e+01 -1.70241e+00 1.50329e-01 -2.03123e+00 -7.36287e+00 -1.53572e+00 
-1.47017e+00 -2.35628e-02 5 -2.61407e-03 2.00122e-02 2.71840e-02 0.00000e+00 1.52242e+00 1.66096e+00 2.54058e+01 -1.81329e+00 1.66358e-01 2.17746e+00 -1.66120e+01 -1.79112e+00 -2.42605e+00 -1.59728e+00 4.71548e+00 -3.04342e+00 2.00624e+00 -9.88016e-01 -6.33299e+00 -1.62150e+00 
-1.44637e+00 2.07158e-01 5 5.09235e-04 -1.33405e-02 2.70376e-02 0.00000e+00 4.11751e-01 2.42242e+00 2.29093e+01 -2.37303e+00 -9.29732e-01 2.28723e+00 -1.76702e+01 -2.35661e+00 -2.69180e+00 -7.01240e-01 7.35314e+00 -2.67715e+00 1.41067e+00 -1.43548e+00 -3.55788e+00 -1.34842e+00 
-1.35210e+00 2.27246e-01 5 -1.66266e-02 -1.31281e-02 2.66829e-02 0.00000e+00 1.35365e+00 2.16414e+00 1.06117e+01 -2.52013e+00 -1.89110e+00 1.63887e+00 -1.18501e+01 -2.24630e+00 -2.56163e+00 -7.11363e-01 8.88538e+00 -2.39522e+00 1.22205e+00 -1.63465e+00 -3.93738e+00 -1.45088e+00 
-1.20548e+00 1.82032e-01 5 -4.56084e-02 -1.59352e-03 2.66320e-02 0.00000e+00 2.16867e+00 1.62478e+00 7.41471e+00 -2.71732e+00 -2.05201e+00 1.16701e+00 -7.52921e+00 -1.86533e+00 -2.10722e+00 -1.31755e+00 9.47147e+00 -2.07477e+00 8.93061e-01 -1.95128e+00 -6.11536e+00 -1.71429e+00 
-1.13599e+00 5.90462e-02 5 -6.28142e-02 1.89075e-02 2.68880e-02 0.00000e+00 2.60469e+00 9.82415e-01 7.03564e+00 -2.72904e+00 -1.74890e+00 1.31547e+00 -5.22613e+00 -1.56190e+00 -1.38613e+00 -2.02653e+00 1.12326e+01 -2.17319e+00 8.06349e-01 -2.15551e+00 -1.02562e+01 -2.05750e+00 
-1.37027e+00 1.96873e-01 5 -1.42270e-02 -9.24734e-03 2.66585e-02 0.00000e+00 1.31725e+00 2.13563e+00 1.19417e+01 -2.42281e+00 -1.65924e+00 1.83166e+00 -1.06767e+01 -2.22340e+00 -2.54475e+00 -8.67496e-01 8.09194e+00 -2.47078e+00 1.31941e+00 -1.58962e+00 -3.94542e+00 -1.47828e+00 
-1.31528e+00 -1.08450e-01 5 -3.46782e-02 3.76663e-02 2.70932e-02 0.00000e+00 2.52194e+00 1.79518e-01 1.67674e+01 -2.10789e+00 -8.87322e-01 1.88086e+00 -5.25934e+00 -1.52325e+00 -1.84963e+00 -2.07486e+00 5.87271e+00 -2.85590e+00 2.17041e+00 -1.14586e+00 -1.27553e+01 -2.07513e+00 
-1.34586e+00 1.38866e-01 5 -2.07314e-02 1.12465e-04 2.65461e-02 0.00000e+00 1.67578e+00 1.85936e+00 1.01852e+01 -2.33720e+00 -1.50895e+00 1.85436e+00 -9.99300e+00 -2.06622e+00 -2.39043e+00 -1.20994e+00 7.03977e+00 -2.47141e+00 1.40365e+00 -1.61873e+00 -4.40157e+00 -1.61513e+00 
-1.07426e+00 1.41827e-01 5 -7.17522e-02 8.72613e-03 2.71781e-02 0.00000e+00 2.60407e+00 1.22966e+00 6.05365e+00 -3.00543e+00 -1.99742e+00 9.42281e-01 -5.33311e+00 -1.54074e+00 -1.13483e+00 -2.01492e+00 2.20273e+01 -1.91080e+00 2.75532e-02 -2.22091e+00 -1.69749e+01 -1.89191e+00 
-1.41958e+00 1.63448e-01 5 -6.03430e-03 -5.96005e-03 2.67965e-02 0.00000e+00 9.35123e-01 2.24049e+00 1.59954e+01 -2.28125e+00 -1.02788e+00 2.18815e+00 -1.32146e+01 -2.22135e+00 -2.58493e+00 -9.67497e-01 7.15381e+00 -2.63907e+00 1.46856e+00 -1.46674e+00 -3.92867e+00 -1.45753e+00 
-1.33804e+00 -4.97171e-02 5 -2.84289e-02 2.81974e-02 2.68734e-02 0.00000e+00 2.37622e+00 7.51177e-01 1.24022e+01 -2.07504e+00 -9.15777e-01 1.94778e+00 -6.17056e+00 -1.66399e+00 -2.02993e+00 -1.87934e+00 6.12805e+00 -2.77496e+00 1.95312e+00 -1.33219e+00 -8.59949e+00 -1.94204e+00 
-1.37452e+00 2.21209e-01 5 -1.26073e-02 -1.29882e-02 2.67350e-02 0.00000e+00 1.18986e+00 2.22433e+00 1.28960e+01 -2.47466e+00 -1.76081e+00 1.77980e+00 -1.08607e+01 -2.27902e+00 -2.59127e+00 -7.15010e-01 8.44111e+00 -2.46203e+00 1.27600e+00 -1.58759e+00 -3.80762e+00 -1.43079e+00 
-1.08672e+00 2.69514e-01 5 -6.51290e-02 -1.06534e-02 2.73067e-02 0.00000e+00 2.36227e+00 1.68195e+00 5.93831e+00 -3.17278e+00 -2.28616e+00 2.65500e-01 -1.16324e+01 -1.66092e+00 -1.96500e+00 -1.19470e+00 1.74361e+01 -1.70277e+00 8.07455e-02 -2.06748e+00 -8.68691e+00 -1.59423e+00 
-1.39006e+00 -1.59918e-02 5 -1.75441e-02 2.14931e-02 2.68144e-02 0.00000e+00 2.04499e+00 1.24908e+00 1.28869e+01 -1.98433e+00 -7.11614e-01 2.07710e+00 -8.58910e+00 -1.78157e+00 -2.24430e+00 -1.68844e+00 5.52993e+00 -2.82832e+00 1.92160e+00 -1.25226e+00 -7.09325e+00 -1.78396e+00 
-1.43264e+00 -7.04133e-02 5 -1.12626e-02 2.81779e-02 2.71907e-02 0.00000e+00 2.12937e+00 9.66669e-01 2.66661e+01 -1.82298e+00 -2.55150e-01 2.11294e+00 -1.09235e+01 -1.68097e+00 -2.27296e+00 -1.78172e+00 5.13077e+00 -3.03511e+00 2.13513e+00 -8.94213e-01 -9.53347e+00 -1.75491e+00 
-1.17674e+00 -3.05268e-02 5 -5.81780e-02 3.07840e-02 2.70090e-02 0.00000e+00 2.65321e+00 6.00194e-01 7.64382e+00 -2.53558e+00 -1.46521e+00 1.53601e+00 -4.20027e+00 -1.49316e+00 -1.39280e+00 -2.15831e+00 8.87451e+00 -2.43668e+00 1.37396e+00 -1.97132e+00 -7.94897e+00 -2.20966e+00 
-1.45472e+00 -4.78104e-02 5 -6.33238e-03 2.41148e-02 2.72033e-02 0.00000e+00 1.85472e+00 1.33753e+00 1.73817e+01 -1.80252e+00 -3.81004e-02 2.15379e+00 -1.39340e+01 -1.73522e+00 -2.35929e+00 -1.68681e+00 4.84245e+00 -3.04649e+00 2.07025e+00 -9.38127e-01 -7.58697e+00 -1.68080e+00 
